1 0.49930843706777317 0.4488243430152144 0.6666666666666667 0.8948824343015215
5 0.34232365145228216 0.3478561549100968 0.1839557399723375 0.08990318118948828
10 0.6756569847856155 0.36791147994467494 0.18395573997233755 0.09405255878284927
8 0.5103734439834026 0.4557399723374827 0.16320885200553256 0.27524204702627947
7 0.5020746887966805 0.6957123098201936 0.28492392807745504 0.11341632088520065
4 0.18326417704011064 0.45435684647302904 0.03457814661134165 0.19778699861687415
9 0.8188105117565698 0.5020746887966805 0.02489626556016603 0.1964038727524205
6 0.33955739972337484 0.27040110650069155 0.22268326417704012 0.05117565698478565
11 0.6798063623789764 0.28769017980636236 0.22268326417704018 0.06362378976486859
3 0.4972337482710927 0.7385892116182573 0.615491009681881 0.31258644536652835
0 0.49515905947441213 0.8229598893499309 0.2738589211618257 0.14661134163208855
2 0.4896265560165975 0.12171507607192251 0.6500691562932226 0.23236514522821572
