1 0.4923928077455048 0.41632088520055327 0.5366528354080221 0.6666666666666667
5 0.3775933609958506 0.34647302904564314 0.13278008298755187 0.053941908713693004
10 0.6210235131396957 0.34647302904564314 0.12448132780082986 0.04287690179806369
8 0.49930843706777317 0.4045643153526971 0.11894882434301522 0.20055325034578148
7 0.5034578146611342 0.5885200553250346 0.18810511756569853 0.08437067773167356
4 0.25242047026279396 0.42461964038727523 0.051175656984785614 0.16320885200553248
9 0.739972337482711 0.4591977869986168 0.03872752420470263 0.10511756569847855
6 0.3748271092669433 0.28077455048409405 0.17150760719225444 0.04702627939142463
11 0.6175656984785616 0.2814661134163209 0.16182572614107876 0.040110650069156255
3 0.4979253112033195 0.6383125864453666 0.4343015214384509 0.21438450899031813
0 0.5020746887966805 0.6881051175656985 0.19363762102351317 0.11203319502074699
2 0.49100968188105115 0.17219917012448133 0.3457814661134162 0.16735822959889346
