1 0.49170124481327804 0.4557399723374827 0.4688796680497926 0.5352697095435685
5 0.41493775933609955 0.4100968188105118 0.10788381742738587 0.04564315352697093
10 0.5892116182572614 0.4045643153526971 0.10235131396957123 0.04840940525587825
8 0.5055325034578146 0.47510373443983406 0.08990318118948828 0.15076071922544954
7 0.5048409405255879 0.6085753803596127 0.15767634854771792 0.060857538035961126
4 0.29322268326417705 0.4315352697095436 0.06362378976486856 0.15491009681881046
9 0.6957123098201936 0.42254495159059474 0.0553250345781467 0.15076071922544954
6 0.39903181189488235 0.36791147994467494 0.1396957123098202 0.035961272475795385
11 0.5892116182572614 0.3686030428769018 0.1383125864453664 0.04564315352697101
3 0.49999999999999994 0.6348547717842323 0.33333333333333326 0.17427385892116176
0 0.5055325034578148 0.6811894882434301 0.1452282157676349 0.08437067773167364
2 0.48201936376210225 0.26556016597510373 0.3499308437067772 0.14937759336099585
