1 0.5062240663900414 0.4135546334716459 0.38450899031811886 0.5145228215767633
5 0.40802213001383125 0.3955739972337483 0.10235131396957123 0.04702627939142459
10 0.5933609958506224 0.39419087136929465 0.09958506224066391 0.04979253112033191
8 0.504149377593361 0.4453665283540802 0.0926694329183956 0.13554633471645913
7 0.5069156293222684 0.5712309820193637 0.14799446749654221 0.06085753803596127
9 0.6825726141078837 0.46818810511756564 0.02904564315352701 0.06777316735822957
6 0.4017980636237898 0.34993084370677735 0.1258644536652835 0.038727524204702705
11 0.5995850622406639 0.34163208852005533 0.12033195020746881 0.04149377593360995
3 0.503457814661134 0.5975103734439834 0.3236514522821576 0.14384508990318104
0 0.5048409405255878 0.636237897648686 0.13554633471645913 0.06915629322268316
2 0.4937759336099585 0.24688796680497924 0.301521438450899 0.1479944674965422
