1 0.5006915629322267 0.43222683264177036 0.3762102351313969 0.42738589211618255
5 0.42047026279391425 0.39626556016597514 0.09405255878284918 0.03734439834024897
10 0.5822959889349931 0.39695712309820197 0.0829875518672199 0.04149377593360995
8 0.5027662517289073 0.4391424619640387 0.0760719225449516 0.12863070539419083
7 0.5006915629322267 0.5532503457814661 0.1466113416320885 0.05809128630705395
4 0.33333333333333337 0.4266943291839557 0.04149377593360999 0.11756569847856149
9 0.6728907330567081 0.42738589211618255 0.03734439834024897 0.12724757952973717
6 0.4211618257261411 0.34993084370677735 0.10096818810511748 0.04426002766251735
11 0.5809128630705395 0.3450899031811895 0.11065006915629311 0.03734439834024897
3 0.5048409405255878 0.5733056708160443 0.30152143845089896 0.14246196403872752
0 0.5 0.6134163208852006 0.14246196403872752 0.06500691562932218
2 0.49792531120331945 0.2745504840940525 0.3236514522821576 0.10650069156293221
