1 0.516597510373444 0.4979253112033195 0.5463347164591978 0.5864453665283541
5 0.39488243430152137 0.466804979253112 0.1258644536652836 0.05947441217150761
10 0.6092669432918396 0.4654218533886583 0.12863070539419091 0.05670816044260029
8 0.49861687413554634 0.5394190871369294 0.10650069156293221 0.18257261410788372
7 0.5048409405255879 0.6887966804979253 0.17150760719225452 0.05809128630705402
4 0.2800829875518672 0.4619640387275242 0.06777316735822957 0.16874135546334712
9 0.7434301521438451 0.4529737206085754 0.09266943291839567 0.16459197786998614
6 0.3769017980636238 0.4100968188105118 0.13969571230982022 0.04840940525587825
11 0.6168741355463347 0.4080221300138313 0.13554633471645913 0.04979253112033191
3 0.5089903181189488 0.706777316735823 0.35684647302904565 0.16044260027662524
0 0.5055325034578146 0.7531120331950208 0.15905947441217158 0.07053941908713696
2 0.4923928077455048 0.2994467496542185 0.3789764868603043 0.1728907330567082
