1 0.5262793914246197 0.4515905947441217 0.4412171507607192 0.5076071922544952
5 0.43015214384508993 0.4059474412171508 0.09958506224066391 0.029045643153526937
10 0.5899031811894883 0.40179806362378984 0.10373443983402489 0.029045643153526937
8 0.5145228215767635 0.4598893499308437 0.09128630705394195 0.1396957123098202
7 0.5186721991701245 0.58298755186722 0.14107883817427386 0.04011065006915629
4 0.34923928077455046 0.4578146611341633 0.04840940525587833 0.12448132780082993
9 0.714384508990318 0.44398340248962653 0.062240663900415 0.1327800829875518
6 0.4239280774550484 0.3769017980636238 0.11756569847856156 0.02627939142461969
11 0.5919778699861687 0.3727524204702628 0.13278008298755176 0.03181189488243433
3 0.5255878284923928 0.6168741355463347 0.3125864453665283 0.17427385892116184
0 0.5242047026279392 0.6562932226832642 0.14107883817427386 0.08713692946058081
2 0.4993084370677731 0.28907330567081607 0.3347164591977869 0.14384508990318118
