1 0.5345781466113416 0.5636237897648686 0.681881051175657 0.7289073305670816
5 0.3727524204702628 0.47510373443983395 0.15076071922544954 0.07330567081604421
10 0.6376210235131397 0.47786998616874127 0.17150760719225444 0.07053941908713689
8 0.5 0.5525587828492392 0.1535269709543568 0.22544951590594736
7 0.49861687413554634 0.7551867219917012 0.2392807745504841 0.08852005532503454
4 0.22406639004149376 0.5152143845089904 0.06362378976486856 0.1922544951590595
9 0.8250345781466115 0.5221300138312586 0.09543568464730284 0.21991701244813278
6 0.3603042876901798 0.4024896265560166 0.16459197786998614 0.06085753803596127
11 0.6376210235131397 0.4059474412171508 0.17150760719225444 0.05394190871369297
3 0.5110650069156293 0.797372060857538 0.5020746887966804 0.2614107883817428
0 0.49792531120331956 0.8603042876901799 0.2295988934993084 0.12724757952973717
2 0.5013831258644537 0.2856154910096819 0.5103734439834026 0.19778699861687418
