1 0.5318118948824343 0.42738589211618255 0.3886583679114799 0.4564315352697095
5 0.4488243430152144 0.39419087136929465 0.11479944674965417 0.04702627939142459
10 0.6161825726141079 0.39626556016597514 0.11479944674965424 0.04840940525587825
8 0.5338865836791148 0.45228215767634855 0.09681881051175666 0.14384508990318123
7 0.5311203319502075 0.5726141078838174 0.13831258644536654 0.05809128630705395
4 0.36445366528354084 0.4177040110650069 0.037344398340249045 0.10235131396957123
9 0.7095435684647302 0.4336099585062241 0.03872752420470263 0.09266943291839552
6 0.4495159059474412 0.3506224066390041 0.1244813278008298 0.04287690179806369
11 0.6161825726141079 0.35408022130013833 0.14246196403872752 0.041493775933610026
3 0.5380359612724758 0.5885200553250346 0.2821576763485477 0.13416320885200542
0 0.5297372060857538 0.6251728907330567 0.11618257261410797 0.060857538035961195
2 0.5359612724757953 0.26348547717842324 0.3195020746887966 0.1369294605809128
