1 0.533195020746888 0.3699861687413555 0.4384508990318119 0.4578146611341632
5 0.42600276625172895 0.318118948824343 0.11618257261410783 0.04149377593360995
10 0.5961272475795297 0.3112033195020747 0.09405255878284918 0.04149377593360988
8 0.5131396957123099 0.36791147994467494 0.08852005532503462 0.14937759336099582
7 0.5152143845089904 0.4972337482710927 0.14246196403872757 0.05947441217150768
4 0.33748271092669435 0.38727524204702635 0.03042876901798067 0.05809128630705395
9 0.7136929460580913 0.3319502074688796 0.07192254495159062 0.18533886583679113
6 0.41632088520055327 0.27593360995850624 0.12724757952973717 0.029045643153526975
11 0.6051175656984786 0.27385892116182575 0.1396957123098202 0.030428769017980636
3 0.5152143845089904 0.5186721991701245 0.31673582295988933 0.1521438450899032
0 0.5152143845089904 0.5601659751037344 0.13139695712309823 0.06915629322268323
2 0.520746887966805 0.19709543568464732 0.33333333333333326 0.1286307053941909
