1 0.5006915629322269 0.516597510373444 0.4674965421853389 0.46334716459197794
5 0.39695712309820197 0.43015214384508993 0.11065006915629326 0.035961272475795385
10 0.5892116182572614 0.42323651452282157 0.1244813278008298 0.03872752420470263
8 0.4923928077455048 0.47994467496542187 0.10235131396957123 0.15767634854771784
7 0.49861687413554634 0.6210235131396957 0.1618257261410789 0.055325034578146554
4 0.29322268326417705 0.5069156293222683 0.055325034578146595 0.11756569847856149
9 0.7040110650069157 0.4930843706777317 0.06085753803596134 0.11756569847856156
6 0.37136929460580914 0.3858921161825727 0.13692946058091288 0.03596127247579524
11 0.5954356846473029 0.3748271092669433 0.13692946058091274 0.03319502074688799
3 0.49446749654218536 0.6549100968188105 0.355463347164592 0.1756569847856156
0 0.49446749654218536 0.6970954356846474 0.15076071922544948 0.1023513139695713
2 0.48201936376210225 0.32434301521438447 0.3665283540802212 0.07883817427385892
