1 0.5117565698478561 0.549100968188105 0.6583679114799446 0.7358229598893499
5 0.37413554633471646 0.4723374827109266 0.16182572614107882 0.06777316735822957
10 0.6390041493775933 0.47510373443983395 0.16874135546334712 0.07607192254495153
8 0.5020746887966804 0.5484094052558782 0.1466113416320885 0.23374827109266932
7 0.4979253112033195 0.7309820193637622 0.25726141078838166 0.07883817427385907
4 0.2254495159059475 0.5394190871369294 0.08022130013831262 0.20470262793914246
9 0.7932226832641771 0.5283540802213001 0.09266943291839552 0.22130013831258638
6 0.3651452282157676 0.40318118948824344 0.18533886583679116 0.04840940525587825
11 0.6431535269709545 0.4059474412171508 0.1825726141078839 0.04011065006915622
3 0.5034578146611343 0.7869986168741354 0.4757952973720609 0.24896265560165987
0 0.5027662517289073 0.8423236514522822 0.24481327800829875 0.14661134163208842
2 0.4903181189488244 0.2828492392807746 0.5131396957123099 0.20608575380359617
