1 0.5124481327800829 0.4426002766251729 0.4218533886583679 0.5919778699861687
5 0.3845089903181189 0.417704011065007 0.13278008298755192 0.06085753803596127
10 0.607883817427386 0.39211618257261405 0.12863070539419091 0.06500691562932225
8 0.5020746887966805 0.45712309820193636 0.12171507607192254 0.17012448132780078
7 0.516597510373444 0.6224066390041494 0.16182572614107882 0.0746887966804978
6 0.3824343015214384 0.35892116182572614 0.1369294605809129 0.04287690179806361
11 0.6044260027662517 0.3271092669432919 0.16320885200553242 0.05670816044260029
3 0.5193637621023514 0.6507607192254494 0.3748271092669434 0.16459197786998614
0 0.5193637621023514 0.6977869986168741 0.15076071922544954 0.07607192254495175
2 0.5048409405255877 0.22752420470262794 0.3734439834024896 0.15629322268326418
