1 0.49446749654218536 0.5532503457814663 0.7427385892116183 0.6749654218533888
5 0.3651452282157676 0.4757952973720609 0.16597510373443988 0.07192254495159055
10 0.6065006915629323 0.47302904564315357 0.16182572614107876 0.07192254495159055
8 0.48409405255878285 0.5511756569847855 0.13554633471645922 0.1867219917012448
7 0.4854771784232365 0.7247579529737206 0.21853388658367912 0.08298755186722005
4 0.18672199170124482 0.5442600276625172 0.12171507607192256 0.2503457814661133
9 0.8035961272475796 0.5318118948824343 0.10788381742738579 0.24204702627939143
6 0.351313969571231 0.41355463347164595 0.1936376210235132 0.058091286307053874
11 0.6154910096818811 0.40802213001383125 0.19917012448132773 0.05809128630705395
3 0.4930843706777317 0.776625172890733 0.4993084370677732 0.22268326417704018
0 0.4861687413554634 0.8271092669432918 0.2116182572614108 0.12448132780082986
2 0.4785615491009682 0.2959889349930844 0.5006915629322267 0.1521438450899032
