1 0.4889349930843707 0.43499308437067774 0.44674965421853385 0.6210235131396957
5 0.3858921161825727 0.3727524204702628 0.13001383125864457 0.06500691562932225
10 0.6120331950207469 0.3755186721991701 0.1230982019363762 0.06224066390041493
8 0.4937759336099585 0.4343015214384509 0.10511756569847855 0.1825726141078839
7 0.4930843706777317 0.6037344398340249 0.18672199170124487 0.09266943291839552
6 0.3845089903181189 0.3132780082987552 0.14661134163208853 0.0373443983402489
11 0.6058091286307054 0.3132780082987552 0.1327800829875519 0.04287690179806354
3 0.49100968188105115 0.640387275242047 0.41217150760719223 0.2047026279391425
0 0.4923928077455048 0.6970954356846474 0.16874135546334712 0.09681881051175666
2 0.4806362378976486 0.20608575380359612 0.3637621023513139 0.15491009681881052
