1 0.5380359612724758 0.5408022130013831 0.5975103734439834 0.7662517289073305
5 0.37136929460580914 0.47095435684647297 0.1590594744121715 0.07053941908713689
10 0.6410788381742739 0.4695712309820193 0.17012448132780078 0.06777316735822957
8 0.49515905947441213 0.5408022130013831 0.13831258644536654 0.23236514522821572
7 0.4979253112033195 0.7427385892116183 0.251728907330567 0.0885200553250347
9 0.7980636237897649 0.5795297372060857 0.07192254495159062 0.21300138312586447
6 0.35408022130013833 0.39834024896265563 0.17704011065006914 0.058091286307053874
11 0.6390041493775933 0.39695712309820197 0.17427385892116176 0.05255878284923923
3 0.5082987551867221 0.7918395573997233 0.5159059474412173 0.26694329183955745
0 0.5013831258644537 0.8540802213001384 0.24757952973720607 0.14246196403872743
2 0.4993084370677732 0.2676348547717842 0.4868603042876903 0.2088520055325035
