1 0.520746887966805 0.516597510373444 0.6154910096818811 0.7261410788381742
5 0.3575380359612725 0.4266943291839557 0.15076071922544954 0.07883817427385885
10 0.6466113416320886 0.43015214384508993 0.15076071922544954 0.06085753803596127
8 0.5020746887966805 0.49446749654218536 0.1438450899031811 0.24757952973720607
7 0.5 0.7136929460580913 0.21438450899031808 0.11341632088520072
9 0.7994467496542186 0.5269709543568465 0.052558782849239094 0.14107883817427386
6 0.34163208852005533 0.3381742738589212 0.1908713692946058 0.059474412171507646
11 0.6542185338865838 0.3437067773167358 0.17704011065006925 0.056708160442600325
3 0.5020746887966805 0.7468879668049793 0.5228215767634855 0.25449515905947445
0 0.49377593360995853 0.8201936376210236 0.19363762102351317 0.11065006915629326
2 0.48824343015214383 0.23582295988934995 0.47026279391424625 0.16182572614107882
