1 0.507607192254495 0.3865836791147994 0.3153526970954356 0.33056708160442605
5 0.42531120331950206 0.35408022130013833 0.06224066390041493 0.038727524204702705
10 0.5587828492392808 0.3520055325034578 0.08298755186721983 0.034578146611341724
8 0.48271092669432925 0.3893499308437067 0.07192254495159062 0.10096818810511757
7 0.49170124481327804 0.47302904564315357 0.11203319502074692 0.03319502074688792
4 0.3616874135546335 0.34647302904564314 0.012448132780083014 0.056708160442600325
9 0.6466113416320884 0.35338865836791145 0.0373443983402489 0.10373443983402489
6 0.41839557399723376 0.31950207468879666 0.07883817427385892 0.03319502074688799
11 0.5546334716459198 0.31742738589211617 0.0857538035961273 0.029045643153526937
3 0.49446749654218536 0.495850622406639 0.2392807745504841 0.10650069156293228
0 0.49170124481327804 0.5235131396957123 0.11479944674965424 0.05670816044260029
2 0.48132780082987553 0.26141078838174275 0.21853388658367912 0.08022130013831258
