1 0.5 0.47233748271092674 0.5297372060857538 0.5325034578146612
5 0.3692946058091286 0.42600276625172895 0.11341632088520054 0.05809128630705395
10 0.5822959889349931 0.4266943291839557 0.12724757952973711 0.04564315352697101
8 0.4695712309820193 0.4854771784232365 0.11756569847856163 0.18257261410788372
7 0.4709543568464731 0.6438450899031812 0.1728907330567081 0.06500691562932225
4 0.25656984785615494 0.38727524204702624 0.04287690179806365 0.16320885200553245
9 0.7275242047026279 0.40110650069156295 0.07192254495159062 0.16874135546334718
6 0.35892116182572614 0.3686030428769018 0.15629322268326418 0.05670816044260029
11 0.5968188105117567 0.3651452282157676 0.15905947441217144 0.05532503457814663
3 0.4834024896265561 0.6569847856154911 0.3858921161825726 0.15767634854771784
0 0.46818810511756576 0.7074688796680499 0.1590594744121715 0.06777316735822964
2 0.4737206085753803 0.27800829875518673 0.4135546334716459 0.1383125864453665
