1 0.5069156293222684 0.4557399723374827 0.46334716459197794 0.4744121715076071
5 0.42323651452282157 0.3865836791147994 0.10235131396957114 0.04564315352697093
10 0.598893499308437 0.3845089903181189 0.10235131396957114 0.04702627939142459
8 0.5055325034578146 0.4488243430152144 0.08713692946058096 0.1452282157676349
7 0.5103734439834026 0.5802213001383126 0.14384508990318123 0.05394190871369289
4 0.31051175656984786 0.39903181189488235 0.06224066390041493 0.14522821576763484
9 0.7088520055325034 0.39626556016597503 0.05947441217150768 0.15076071922544948
6 0.4135546334716459 0.3450899031811895 0.11065006915629319 0.03457814661134165
11 0.603042876901798 0.3437067773167358 0.13001383125864444 0.03457814661134165
3 0.5124481327800829 0.6065006915629323 0.3250345781466114 0.16459197786998608
0 0.5089903181189488 0.6493775933609959 0.1300138312586445 0.08160442600276624
2 0.4965421853388658 0.2717842323651452 0.35408022130013833 0.10650069156293221
