1 0.5228215767634855 0.5 0.48409405255878285 0.5629322268326419
5 0.4170124481327801 0.42946058091286304 0.10926694329183953 0.04564315352697101
10 0.603042876901798 0.4308437067773167 0.11894882434301515 0.037344398340249045
8 0.5131396957123099 0.48686030428769017 0.10788381742738587 0.15491009681881052
7 0.5159059474412172 0.6376210235131397 0.17704011065006917 0.04979253112033184
4 0.30497925311203317 0.49446749654218536 0.04840940525587825 0.14246196403872752
9 0.7289073305670816 0.47925311203319504 0.06639004149377598 0.1728907330567081
6 0.4170124481327801 0.3886583679114799 0.15076071922544954 0.04702627939142459
11 0.6051175656984786 0.38796680497925307 0.15629322268326412 0.04287690179806361
3 0.5131396957123098 0.6791147994467497 0.35684647302904565 0.19917012448132781
0 0.5124481327800829 0.7213001383125865 0.17012448132780086 0.1175656984785617
2 0.5006915629322267 0.2987551867219917 0.3928077455048409 0.1438450899031812
