1 0.4598893499308437 0.3485477178423237 0.38865836791147984 0.4619640387275243
5 0.3796680497925311 0.30982019363762103 0.08437067773167356 0.03319502074688792
10 0.5421853388658368 0.2966804979253112 0.10511756569847862 0.037344398340248934
8 0.466804979253112 0.34854771784232363 0.11203319502074699 0.12724757952973717
7 0.466804979253112 0.46334716459197794 0.17842323651452283 0.05809128630705395
4 0.29045643153526973 0.3312586445366529 0.058091286307053874 0.08990318118948828
9 0.6383125864453665 0.3070539419087137 0.04840940525587818 0.12171507607192257
6 0.3651452282157676 0.27593360995850624 0.11341632088520054 0.02074688796680494
11 0.5408022130013831 0.2600276625172891 0.13001383125864457 0.027662517289073315
3 0.4674965421853388 0.49308437067773164 0.3153526970954357 0.16735822959889346
0 0.4737206085753804 0.5345781466113416 0.17012448132780078 0.07883817427385885
2 0.4529737206085754 0.18118948824343015 0.3278008298755186 0.13278008298755187
