1 0.47095435684647297 0.39903181189488235 0.43568464730290457 0.5297372060857537
5 0.39626556016597514 0.322268326417704 0.10373443983402496 0.04426002766251727
10 0.5892116182572614 0.3208852005532503 0.10235131396957123 0.03872752420470263
8 0.5020746887966806 0.38105117565698476 0.11065006915629319 0.1369294605809129
7 0.5020746887966806 0.5269709543568465 0.15767634854771792 0.07745504840940526
4 0.28077455048409405 0.36721991701244816 0.04979253112033199 0.15905947441217158
9 0.673582295988935 0.3533886583679115 0.02766251728907335 0.12863070539419083
6 0.39419087136929454 0.2842323651452282 0.14937759336099585 0.03181189488243429
11 0.5899031811894883 0.27869986168741356 0.12863070539419078 0.040110650069156255
3 0.4806362378976486 0.5580912863070538 0.3416320885200552 0.19502074688796675
0 0.5020746887966806 0.61134163208852 0.16044260027662524 0.0968188105117565
2 0.47786998616874127 0.19709543568464732 0.2918395573997234 0.11756569847856152
