1 0.5048409405255879 0.4246196403872753 0.48409405255878285 0.5615491009681882
5 0.39419087136929465 0.37413554633471646 0.11341632088520058 0.05117565698478565
10 0.6106500691562932 0.3699861687413555 0.11756569847856141 0.05394190871369297
8 0.49654218533886585 0.4336099585062241 0.11065006915629326 0.18118948824343023
7 0.5048409405255879 0.5926694329183956 0.17150760719225452 0.05947441217150761
4 0.2897648686030429 0.4024896265560166 0.04564315352697093 0.15491009681881052
9 0.7213001383125865 0.39419087136929465 0.05117565698478572 0.16597510373443985
6 0.3796680497925311 0.3208852005532503 0.14246196403872755 0.04149377593360995
11 0.6127247579529737 0.313969571230982 0.14937759336099582 0.03319502074688792
3 0.504149377593361 0.6134163208852006 0.37482710926694324 0.18118948824343015
0 0.5062240663900416 0.6625172890733055 0.17150760719225452 0.08022130013831251
2 0.4986168741355463 0.22130013831258644 0.3416320885200552 0.15214384508990317
