1 0.4923928077455048 0.4757952973720609 0.5200553250345782 0.5532503457814661
5 0.3789764868603043 0.43222683264177036 0.11341632088520058 0.05117565698478565
10 0.5857538035961273 0.42185338865836797 0.1037344398340248 0.05255878284923931
8 0.48824343015214383 0.4778699861687414 0.10788381742738587 0.17012448132780078
7 0.4937759336099585 0.6390041493775933 0.1466113416320885 0.09128630705394186
4 0.26832641770401106 0.4744121715076072 0.07192254495159059 0.16320885200553248
9 0.715076071922545 0.4460580912863071 0.06639004149377598 0.16735822959889354
6 0.3686030428769018 0.3727524204702628 0.14522821576763484 0.03734439834024897
11 0.5871369294605809 0.36099585062240663 0.1673582295988934 0.04149377593360995
3 0.49170124481327804 0.6652835408022131 0.36376210235131395 0.17150760719225444
0 0.49170124481327804 0.7178423236514523 0.14522821576763484 0.07192254495159062
2 0.47026279391424625 0.2676348547717842 0.34024896265560167 0.1396957123098202
