1 0.49792531120331956 0.38243430152143854 0.5670816044260029 0.6597510373443984
5 0.36099585062240663 0.338865836791148 0.1327800829875518 0.058091286307053985
10 0.6099585062240663 0.3312586445366529 0.1327800829875519 0.05947441217150761
8 0.4889349930843707 0.3976486860304288 0.1258644536652836 0.19502074688796683
7 0.49446749654218536 0.574688796680498 0.16735822959889363 0.09543568464730284
4 0.24688796680497926 0.4135546334716459 0.05947441217150761 0.17704011065006917
9 0.7503457814661135 0.4017980636237898 0.0484094052558784 0.1590594744121715
6 0.36168741355463346 0.26556016597510373 0.17842323651452285 0.04979253112033199
11 0.615491009681881 0.25656984785615494 0.1742738589211617 0.053941908713692935
3 0.4979253112033195 0.6092669432918396 0.4343015214384509 0.20331950207468885
0 0.4903181189488243 0.6680497925311204 0.16735822959889346 0.09128630705394195
2 0.46334716459197794 0.1396957123098202 0.4315352697095436 0.1825726141078838
