1 0.47510373443983395 0.47302904564315357 0.4854771784232365 0.5366528354080222
5 0.3893499308437067 0.4266943291839557 0.12033195020746895 0.05947441217150761
10 0.6037344398340249 0.4232365145228216 0.11203319502074677 0.05255878284923931
10 0.495850622406639 0.4889349930843707 0.11203319502074692 0.14799446749654216
7 0.5006915629322269 0.6300138312586445 0.16044260027662524 0.0816044260027661
4 0.2697095435684647 0.4419087136929461 0.06915629322268327 0.17012448132780086
9 0.6991701244813278 0.49239280774550487 0.02904564315352701 0.06085753803596134
6 0.38520055325034575 0.37413554633471646 0.15629322268326415 0.04840940525587833
11 0.6051175656984786 0.3720608575380359 0.1535269709543568 0.04702627939142467
3 0.4937759336099585 0.6590594744121716 0.3651452282157676 0.16182572614107882
0 0.4993084370677731 0.706777316735823 0.15491009681881046 0.0691562932226833
2 0.4785615491009682 0.2773167358229599 0.3568464730290456 0.13969571230982017
