1 0.49792531120331945 0.5145228215767634 0.6279391424619639 0.7441217150760718
5 0.3727524204702628 0.43291839557399725 0.15076071922544954 0.07192254495159055
10 0.6459197786998616 0.4343015214384509 0.15491009681881052 0.07468879668049787
8 0.5027662517289073 0.5124481327800829 0.1369294605809128 0.22821576763485474
7 0.4979253112033195 0.7164591977869986 0.20470262793914246 0.09128630705394201
4 0.21023513139695713 0.520746887966805 0.05255878284923923 0.15629322268326418
9 0.7869986168741354 0.5325034578146611 0.04702627939142459 0.12171507607192261
6 0.3575380359612725 0.3665283540802213 0.20331950207468882 0.06362378976486865
11 0.6486860304287689 0.3630705394190871 0.22130013831258644 0.06777316735822964
3 0.5013831258644537 0.7634854771784232 0.5076071922544952 0.2461964038727524
0 0.49861687413554634 0.8271092669432919 0.1784232365145229 0.12171507607192239
2 0.4903181189488244 0.2413554633471646 0.5186721991701245 0.19502074688796683
