1 0.4806362378976487 0.5373443983402489 0.690179806362379 0.7814661134163208
5 0.3651452282157676 0.47302904564315357 0.16320885200553256 0.0663900414937759
10 0.6383125864453665 0.4688796680497926 0.15076071922544954 0.06362378976486859
8 0.5020746887966805 0.5546334716459198 0.14107883817427377 0.21853388658367898
7 0.49861687413554634 0.7572614107883817 0.24757952973720607 0.1037344398340248
4 0.1908713692946058 0.5629322268326418 0.10788381742738587 0.1964038727524204
9 0.7793914246196404 0.5622406639004148 0.0816044260027661 0.21715076071922532
6 0.35892116182572614 0.4170124481327801 0.1728907330567082 0.04564315352697093
11 0.6542185338865838 0.4149377593360996 0.17427385892116193 0.03872752420470263
3 0.49792531120331956 0.8029045643153526 0.49515905947441224 0.255878284923928
0 0.4972337482710927 0.867219917012448 0.2171507607192254 0.12448132780082986
2 0.4993084370677732 0.2731673582295989 0.4896265560165976 0.24204702627939145
