1 0.5027662517289073 0.5110650069156294 0.5380359612724759 0.6680497925311204
5 0.3845089903181189 0.48271092669432925 0.1300138312586446 0.07468879668049794
10 0.6210235131396957 0.4716459197786999 0.12448132780082986 0.05809128630705395
8 0.5055325034578146 0.5470262793914246 0.12033195020746881 0.21161825726141076
7 0.5006915629322268 0.7185338865836792 0.17704011065006925 0.0760719225449516
4 0.26556016597510373 0.47510373443983395 0.060857538035961306 0.1867219917012448
9 0.7510373443983402 0.4674965421853389 0.04979253112033206 0.16874135546334712
6 0.3796680497925311 0.4170124481327801 0.16459197786998614 0.04840940525587825
11 0.6217150760719226 0.40940525587828497 0.1756569847856155 0.05255878284923923
3 0.5138312586445366 0.7441217150760718 0.4135546334716459 0.20193637621023514
0 0.504149377593361 0.797372060857538 0.16459197786998622 0.0899031811894882
2 0.5027662517289073 0.2918395573997234 0.4550484094052558 0.1853388658367912
