1 0.5525587828492393 0.5532503457814661 0.6652835408022131 0.7607192254495159
5 0.3692946058091286 0.47026279391424625 0.14937759336099582 0.07468879668049787
10 0.6396957123098201 0.4674965421853389 0.17842323651452274 0.06915629322268323
8 0.4889349930843707 0.5456431535269709 0.14799446749654216 0.23374827109266938
7 0.5048409405255879 0.7482710926694329 0.24066390041493768 0.08022130013831258
4 0.25034578146611347 0.5477178423236515 0.052558782849239274 0.20470262793914237
9 0.8347164591977869 0.5124481327800829 0.09820193637621016 0.23928077455048402
6 0.35477178423236516 0.4004149377593361 0.16735822959889352 0.04564315352697093
11 0.6383125864453666 0.40387275242047027 0.19225449515905957 0.04979253112033191
3 0.5269709543568465 0.8042876901798064 0.4896265560165976 0.2531120331950207
0 0.508298755186722 0.8603042876901799 0.23098201936376206 0.14107883817427377
2 0.5096818810511756 0.2697095435684647 0.4993084370677731 0.19363762102351312
