1 0.4889349930843707 0.4301521438450899 0.47717842323651455 0.5449515905947441
5 0.38520055325034575 0.39626556016597514 0.09820193637621025 0.056708160442600214
10 0.5816044260027663 0.39695712309820197 0.1037344398340248 0.058091286307053874
8 0.47717842323651455 0.4515905947441217 0.09958506224066398 0.1756569847856155
7 0.48409405255878285 0.6065006915629322 0.1410788381742739 0.06500691562932225
4 0.27178423236514526 0.41493775933609955 0.04287690179806365 0.1466113416320885
9 0.6984785615491009 0.4190871369294606 0.04979253112033191 0.14661134163208855
6 0.3817427385892116 0.3381742738589212 0.12724757952973728 0.04840940525587829
11 0.5843706777316736 0.34024896265560167 0.12033195020746881 0.03596127247579531
3 0.4834024896265559 0.6251728907330567 0.3416320885200552 0.14937759336099574
0 0.48132780082987553 0.6715076071922544 0.14384508990318123 0.06777316735822972
2 0.47026279391424625 0.23997233748271093 0.34024896265560167 0.15629322268326415
