1 0.49170124481327804 0.4163208852005532 0.48824343015214394 0.56984785615491
5 0.38727524204702635 0.36376210235131395 0.11618257261410797 0.05532503457814663
10 0.6113416320885201 0.3665283540802213 0.12724757952973717 0.05532503457814663
8 0.49100968188105115 0.4419087136929461 0.09958506224066391 0.15905947441217158
7 0.49515905947441213 0.5850622406639004 0.15214384508990314 0.07192254495159055
4 0.2773167358229599 0.3727524204702628 0.04840940525587829 0.18118948824343015
9 0.7157676348547719 0.42876901798063627 0.037344398340249114 0.07192254495159055
6 0.3865836791147994 0.3153526970954357 0.15905947441217147 0.05255878284923923
11 0.5982019363762103 0.31673582295988933 0.1535269709543568 0.055325034578146554
3 0.503457814661134 0.6092669432918396 0.3734439834024896 0.1784232365145227
0 0.49861687413554634 0.6611341632088519 0.15076071922544948 0.07745504840940519
2 0.48409405255878285 0.21230982019363764 0.3430152143845089 0.1562932226832642
