1 0.4619640387275242 0.46127247579529734 0.43706777316735823 0.44674965421853385
5 0.3997233748271093 0.4128630705394191 0.09128630705394195 0.04564315352697093
10 0.5677731673582297 0.4059474412171508 0.09820193637621016 0.05117565698478565
8 0.48686030428769017 0.45643153526970953 0.09681881051175659 0.15491009681881052
7 0.4889349930843707 0.5899031811894883 0.13692946058091288 0.06224066390041493
4 0.28077455048409405 0.45228215767634866 0.07468879668049791 0.13831258644536654
9 0.6521438450899032 0.44813278008298757 0.05670816044260029 0.1410788381742739
6 0.38520055325034575 0.36721991701244816 0.10650069156293228 0.029045643153526937
11 0.5719225449515907 0.35477178423236516 0.09543568464730284 0.03181189488243433
3 0.47510373443983395 0.6127247579529737 0.3029045643153527 0.13831258644536654
0 0.48755186721991706 0.6514522821576763 0.1258644536652836 0.06362378976486859
2 0.4695712309820193 0.2911479944674965 0.29737206085753803 0.10650069156293224
