1 0.5242047026279392 0.5193637621023514 0.6058091286307054 0.7455048409405256
5 0.39142461964038733 0.44674965421853385 0.14107883817427386 0.058091286307053874
10 0.6473029045643153 0.437759336099585 0.14384508990318123 0.06500691562932225
8 0.5221300138312587 0.5235131396957122 0.14246196403872752 0.2226832641770401
7 0.5269709543568465 0.7275242047026279 0.20193637621023514 0.07468879668049794
4 0.2475795297372061 0.48893499308437066 0.05255878284923931 0.17565698478561542
9 0.7966804979253113 0.48409405255878285 0.055325034578146415 0.18533886583679104
6 0.3762102351313969 0.38727524204702624 0.18533886583679113 0.04426002766251727
11 0.6611341632088519 0.38312586445366525 0.17980636237897657 0.04426002766251727
3 0.5221300138312587 0.7683264177040111 0.4744121715076072 0.24481327800829888
0 0.5228215767634855 0.8278008298755188 0.1964038727524205 0.12309820193637605
2 0.5069156293222684 0.2600276625172891 0.521438450899032 0.19363762102351317
