1 0.49446749654218536 0.5103734439834026 0.6127247579529737 0.7219917012448133
5 0.3582295988934993 0.4384508990318119 0.17980636237897651 0.07192254495159055
10 0.6431535269709543 0.4405255878284923 0.1521438450899032 0.06777316735822957
8 0.4993084370677731 0.533195020746888 0.14107883817427386 0.21991701244813278
7 0.5055325034578146 0.7226832641770402 0.21991701244813278 0.08990318118948835
4 0.21230982019363764 0.48755186721991706 0.037344398340248934 0.11203319502074685
9 0.7766251728907331 0.4806362378976487 0.04287690179806361 0.14799446749654221
6 0.34647302904564314 0.3762102351313969 0.21438450899031813 0.06362378976486859
11 0.6583679114799446 0.3796680497925311 0.20193637621023514 0.06224066390041493
3 0.49515905947441224 0.7531120331950208 0.49792531120331956 0.2254495159059475
0 0.504149377593361 0.8132780082987552 0.2116182572614108 0.09958506224066398
2 0.48201936376210236 0.25242047026279385 0.5518672199170125 0.1894882434301521
