1 0.5062240663900416 0.46818810511756564 0.49792531120331956 0.5242047026279392
5 0.40802213001383125 0.41908713692946065 0.10511756569847855 0.05532503457814663
10 0.5912863070539419 0.4170124481327801 0.10926694329183953 0.05117565698478557
8 0.5006915629322269 0.4806362378976487 0.10235131396957123 0.1590594744121715
7 0.49446749654218536 0.6265560165975104 0.1396957123098202 0.06915629322268316
4 0.29045643153526973 0.43568464730290457 0.058091286307053874 0.14384508990318118
9 0.7130013831258646 0.4412171507607192 0.0760719225449516 0.13831258644536645
6 0.3976486860304287 0.3748271092669433 0.12863070539419091 0.03872752420470263
11 0.6044260027662517 0.37621023513139695 0.13278008298755176 0.03872752420470263
3 0.4979253112033195 0.6410788381742739 0.3485477178423237 0.17565698478561542
0 0.4937759336099585 0.690179806362379 0.13001383125864457 0.07745504840940526
2 0.4903181189488244 0.28492392807745504 0.3665283540802213 0.15214384508990317
