1 0.5 0.4467496542185339 0.6348547717842323 0.8907330567081605
5 0.31742738589211617 0.38520055325034575 0.17289073305670816 0.07883817427385892
10 0.623789764868603 0.3789764868603043 0.18810511756569845 0.08575380359612722
8 0.4578146611341632 0.47925311203319493 0.1521438450899032 0.2558782849239281
7 0.4605809128630706 0.7164591977869986 0.24896265560165978 0.1272475795297373
4 0.19502074688796683 0.4923928077455048 0.027662517289073315 0.10788381742738587
9 0.8105117565698479 0.5193637621023514 0.011065006915629283 0.04011065006915629
6 0.30567081604426 0.30428769017980634 0.19640387275242044 0.07745504840940523
11 0.6272475795297372 0.2987551867219917 0.23374827109266952 0.08022130013831255
3 0.4993084370677732 0.7531120331950208 0.5587828492392809 0.2807745504840941
0 0.45850622406639 0.8347164591977871 0.23928077455048416 0.11203319502074692
2 0.46403872752420466 0.14246196403872755 0.5020746887966806 0.24619640387275243
