1 0.5006915629322269 0.5193637621023512 0.5089903181189489 0.5712309820193637
5 0.39834024896265563 0.487551867219917 0.12448132780082986 0.05394190871369289
10 0.6016597510373444 0.47026279391424625 0.1244813278008298 0.04979253112033191
8 0.49792531120331956 0.5394190871369294 0.10511756569847855 0.17427385892116176
7 0.49861687413554634 0.6715076071922544 0.18672199170124487 0.056708160442600214
4 0.27109266943291843 0.5076071922544952 0.04426002766251731 0.14661134163208855
9 0.7282157676348548 0.495850622406639 0.04564315352697093 0.14522821576763484
6 0.3796680497925311 0.42946058091286304 0.13969571230982022 0.04287690179806369
11 0.6099585062240663 0.4232365145228216 0.13001383125864457 0.04426002766251735
3 0.495850622406639 0.714384508990318 0.3886583679114799 0.1756569847856155
0 0.5006915629322268 0.7538035961272476 0.17980636237897657 0.1023513139695713
2 0.48409405255878285 0.318118948824343 0.3291839557399723 0.1715076071922545
