1 0.4923928077455048 0.32849239280774545 0.6611341632088519 0.6542185338865836
5 0.3485477178423237 0.1590594744121715 0.17704011065006914 0.0719225449515906
10 0.6452282157676348 0.14868603042876902 0.1728907330567081 0.0760719225449516
8 0.4993084370677732 0.2572614107883818 0.15767634854771792 0.27109266943291843
7 0.4951590594744122 0.4778699861687414 0.22959889349930848 0.10373443983402496
4 0.19017980636237897 0.2579529737206086 0.05394190871369297 0.11756569847856152
9 0.7918395573997233 0.1964038727524205 0.05394190871369289 0.21023513139695713
6 0.3298755186721992 0.08506224066390042 0.24204702627939145 0.06500691562932226
11 0.6590594744121715 0.07538035961272475 0.20055325034578148 0.06224066390041493
3 0.4896265560165975 0.520746887966805 0.5283540802213001 0.26141078838174264
0 0.4930843706777317 0.5892116182572614 0.20608575380359612 0.1244813278008298
2 0.48132780082987553 0.024204702627939147 0.5864453665283541 0.04840940525587829
