1 0.5082987551867219 0.41217150760719234 0.47164591977869963 0.5643153526970955
5 0.41147994467496546 0.39626556016597514 0.11479944674965417 0.05394190871369289
10 0.6141078838174274 0.392807745504841 0.12171507607192254 0.05255878284923931
8 0.5186721991701245 0.4529737206085754 0.10235131396957123 0.16735822959889346
7 0.5179806362378977 0.6009681881051175 0.1590594744121715 0.06500691562932225
4 0.30497925311203317 0.40594744121715076 0.06500691562932229 0.1590594744121715
9 0.72268326417704 0.39488243430152137 0.042876901798063756 0.1507607192254495
6 0.4073305670816044 0.338865836791148 0.1369294605809128 0.04426002766251731
11 0.6147994467496543 0.3298755186721991 0.13416320885200547 0.040110650069156255
3 0.5165975103734439 0.6106500691562933 0.34439834024896265 0.1673582295988934
0 0.5193637621023514 0.6590594744121715 0.17012448132780078 0.06500691562932225
2 0.5013831258644537 0.22337482710926693 0.405255878284924 0.17289073305670816
