1 0.5013831258644537 0.43637621023513135 0.3665283540802213 0.49100968188105115
5 0.4453665283540802 0.4017980636237898 0.10235131396957123 0.04564315352697093
10 0.623789764868603 0.40525587828492393 0.0885200553250344 0.04979253112033199
8 0.5359612724757953 0.45850622406639 0.08990318118948835 0.14246196403872752
7 0.5366528354080221 0.5892116182572614 0.14384508990318118 0.0663900414937759
4 0.343015214384509 0.4135546334716459 0.052558782849239344 0.14107883817427386
6 0.4343015214384509 0.3644536652835408 0.10788381742738587 0.03181189488243433
11 0.623789764868603 0.3644536652835408 0.09958506224066398 0.02627939142461969
3 0.5221300138312586 0.603042876901798 0.2973720608575379 0.14937759336099582
0 0.5352697095435685 0.6521438450899032 0.14107883817427386 0.05670816044260029
2 0.5235131396957123 0.2773167358229599 0.27524204702627925 0.13692946058091285
