1 0.5027662517289073 0.47510373443983406 0.5629322268326419 0.6597510373443982
5 0.3858921161825726 0.4308437067773167 0.13278008298755192 0.07607192254495153
10 0.6161825726141079 0.42876901798063627 0.14246196403872752 0.06915629322268323
8 0.504149377593361 0.49377593360995853 0.11203319502074685 0.1853388658367912
7 0.5013831258644537 0.6694329183955741 0.19778699861687415 0.08852005532503462
4 0.25864453665283543 0.5096818810511756 0.09681881051175659 0.17842323651452283
9 0.7413554633471645 0.5076071922544952 0.07745504840940541 0.1825726141078838
6 0.37136929460580914 0.3630705394190872 0.1590594744121715 0.04564315352697101
11 0.619640387275242 0.3603042876901798 0.16597510373443974 0.05117565698478572
3 0.5006915629322269 0.6957123098201936 0.4149377593360996 0.22130013831258638
0 0.5013831258644537 0.7538035961272476 0.16735822959889354 0.10788381742738594
2 0.4930843706777317 0.24688796680497924 0.44398340248962653 0.19502074688796678
