1 0.5062240663900416 0.3824343015214384 0.4149377593360996 0.47717842323651455
5 0.4197786998616874 0.35892116182572614 0.09266943291839552 0.04564315352697093
10 0.5878284923928078 0.35408022130013833 0.09958506224066382 0.04426002766251735
8 0.5006915629322268 0.4142461964038728 0.08852005532503454 0.1396957123098202
7 0.5048409405255878 0.5366528354080221 0.1327800829875518 0.04979253112033199
4 0.32434301521438447 0.34716459197787 0.04564315352697093 0.1327800829875518
9 0.6846473029045643 0.3437067773167358 0.0553250345781467 0.12863070539419083
6 0.41562932226832644 0.30912863070539415 0.12033195020746881 0.04564315352697093
11 0.5878284923928078 0.30497925311203317 0.11894882434301515 0.04287690179806361
3 0.504149377593361 0.5525587828492392 0.27800829875518673 0.13416320885200556
0 0.5055325034578146 0.5899031811894883 0.12033195020746881 0.05947441217150761
2 0.4896265560165975 0.21715076071922546 0.2627939142461964 0.1438450899031812
