1 0.47302904564315357 0.38035961272475793 0.4343015214384509 0.4785615491009682
5 0.4024896265560166 0.3340248962655602 0.1023513139695713 0.04840940525587829
10 0.5802213001383126 0.33056708160442605 0.10096818810511748 0.04702627939142463
8 0.495850622406639 0.3886583679114799 0.08713692946058088 0.13831258644536656
7 0.495850622406639 0.5110650069156293 0.12863070539419083 0.05670816044260029
4 0.2966804979253112 0.3907330567081604 0.07330567081604418 0.13139695712309823
9 0.6645919778699861 0.3976486860304288 0.05117565698478565 0.1092669432918396
6 0.392807745504841 0.2800829875518672 0.12448132780082993 0.042876901798063576
11 0.5843706777316736 0.2800829875518672 0.12309820193637613 0.040110650069156255
3 0.48616874135546323 0.5428769017980636 0.3029045643153527 0.15076071922544954
0 0.4965421853388658 0.5781466113416321 0.14107883817427386 0.07745504840940526
2 0.47302904564315357 0.19502074688796683 0.2849239280774551 0.1078838174273859
