1 0.5006915629322269 0.5089903181189489 0.5864453665283541 0.7219917012448133
5 0.40525587828492393 0.4847856154910097 0.14661134163208855 0.056708160442600214
10 0.6639004149377592 0.48409405255878285 0.13831258644536645 0.055325034578146554
8 0.5338865836791148 0.5553250345781465 0.12448132780082993 0.1867219917012448
7 0.533195020746888 0.7261410788381742 0.19778699861687407 0.07192254495159062
4 0.25103734439834025 0.5318118948824343 0.08990318118948828 0.1756569847856155
9 0.7676348547717842 0.5110650069156293 0.04979253112033191 0.17289073305670818
6 0.39626556016597514 0.4232365145228216 0.1784232365145228 0.04979253112033199
11 0.6632088520055325 0.4197786998616874 0.1590594744121715 0.05117565698478565
3 0.5152143845089904 0.7565698478561549 0.43845089903181195 0.22683264177040116
0 0.5283540802213001 0.8153526970954357 0.17704011065006917 0.10096818810511764
2 0.5020746887966806 0.2821576763485477 0.4923928077455049 0.22406639004149378
