1 0.4965421853388658 0.39142461964038733 0.40110650069156284 0.4343015214384509
5 0.4287690179806362 0.3409405255878285 0.09405255878284918 0.03734439834024897
10 0.5795297372060858 0.3409405255878285 0.08852005532503454 0.03181189488243433
8 0.5048409405255879 0.39695712309820197 0.09681881051175659 0.14107883817427386
7 0.5034578146611342 0.5159059474412172 0.1327800829875518 0.04979253112033199
4 0.32641770401106496 0.3360995850622407 0.06362378976486859 0.1355463347164592
9 0.6708160442600277 0.3478561549100968 0.04702627939142459 0.1230982019363762
6 0.4239280774550484 0.3029045643153527 0.12033195020746888 0.03872752420470263
11 0.5878284923928078 0.3063623789764868 0.11894882434301515 0.02627939142461958
3 0.49792531120331945 0.533195020746888 0.28215767634854766 0.14522821576763484
0 0.49861687413554634 0.573997233748271 0.1258644536652835 0.0663900414937759
2 0.4972337482710927 0.23305670816044258 0.2946058091286307 0.10650069156293221
