1 0.5172890733056709 0.48686030428769017 0.5421853388658369 0.6639004149377592
5 0.3775933609958506 0.43914246196403867 0.13001383125864455 0.05947441217150761
10 0.603042876901798 0.43706777316735823 0.14107883817427386 0.05809128630705395
8 0.49239280774550487 0.5027662517289073 0.11341632088520058 0.20055325034578148
7 0.4972337482710927 0.6798063623789764 0.18395573997233755 0.07883817427385892
4 0.26348547717842324 0.4654218533886583 0.03457814661134161 0.16735822959889354
9 0.7600276625172891 0.48132780082987553 0.04840940525587825 0.1798063623789764
6 0.3651452282157676 0.37482710926694324 0.1466113416320885 0.04979253112033199
11 0.619640387275242 0.37136929460580914 0.16597510373443974 0.040110650069156366
3 0.5089903181189489 0.7136929460580913 0.4398340248962655 0.2074688796680497
0 0.49861687413554634 0.7669432918395575 0.1922544951590595 0.09820193637621016
2 0.4889349930843707 0.2538035961272476 0.38312586445366525 0.19778699861687415
