1 0.5089903181189489 0.3132780082987552 0.48409405255878285 0.6265560165975104
5 0.38727524204702624 0.2752420470262794 0.13554633471645924 0.055325034578146595
10 0.6141078838174274 0.2814661134163209 0.11894882434301522 0.06500691562932225
8 0.5020746887966805 0.3409405255878285 0.1161825726141079 0.1839557399723375
7 0.5 0.504149377593361 0.18118948824343023 0.0760719225449516
4 0.29114799446749656 0.32434301521438447 0.04840940525587825 0.16182572614107882
9 0.7240663900414939 0.33540802213001386 0.05670816044260036 0.16182572614107887
6 0.39211618257261405 0.2143845089903181 0.1618257261410788 0.04702627939142459
11 0.6127247579529737 0.21092669432918396 0.16874135546334706 0.05394190871369289
3 0.504149377593361 0.5255878284923928 0.3803596127247579 0.19917012448132781
0 0.49239280774550487 0.5802213001383126 0.17427385892116193 0.08713692946058088
2 0.503457814661134 0.09751037344398342 0.3983402489626555 0.18672199170124482
