1 0.5013831258644537 0.392807745504841 0.3665283540802213 0.4426002766251729
5 0.4190871369294606 0.3603042876901798 0.08852005532503454 0.03457814661134165
10 0.5781466113416321 0.3623789764868603 0.10235131396957114 0.04426002766251735
8 0.495850622406639 0.4094052558782849 0.07330567081604428 0.1327800829875518
7 0.4972337482710927 0.5276625172890733 0.1258644536652835 0.05947441217150761
4 0.343015214384509 0.3665283540802213 0.04702627939142463 0.13001383125864457
9 0.6666666666666665 0.3665283540802213 0.03596127247579531 0.13831258644536654
6 0.4232365145228216 0.318118948824343 0.10788381742738587 0.03872752420470263
11 0.5746887966804979 0.3153526970954357 0.12033195020746888 0.04149377593360995
3 0.5 0.5421853388658368 0.27247579529737204 0.1383125864453666
0 0.49654218533886585 0.5836791147994468 0.10511756569847862 0.05532503457814663
2 0.4937759336099585 0.2302904564315353 0.3153526970954356 0.11756569847856159
