1 0.5103734439834026 0.5027662517289073 0.6500691562932226 0.7482710926694329
5 0.34716459197787 0.43983402489626555 0.15214384508990317 0.07192254495159055
10 0.6334716459197787 0.43222683264177036 0.15491009681881052 0.07330567081604421
8 0.49446749654218536 0.5131396957123099 0.13692946058091288 0.22683264177040108
7 0.4910096818810512 0.7233748271092669 0.21576763485477174 0.11894882434301536
4 0.21300138312586447 0.4785615491009682 0.055325034578146595 0.18533886583679104
9 0.7952973720608576 0.4792531120331951 0.07468879668049794 0.21438450899031813
6 0.34163208852005533 0.3616874135546335 0.1770401106500692 0.05117565698478565
11 0.6327800829875518 0.3533886583679115 0.19502074688796675 0.070539419087137
3 0.5027662517289073 0.7510373443983402 0.4937759336099586 0.24343015214384514
0 0.49446749654218536 0.8305670816044262 0.21161825726141076 0.09266943291839552
2 0.47095435684647297 0.22683264177040108 0.44674965421853385 0.19087136929460577
