1 0.5242047026279392 0.574688796680498 0.6639004149377592 0.7040110650069156
5 0.3769017980636238 0.4785615491009682 0.14246196403872755 0.058091286307053874
10 0.6300138312586445 0.4744121715076072 0.15352697095435686 0.04979253112033191
8 0.49861687413554634 0.5594744121715077 0.1535269709543568 0.22821576763485474
7 0.5034578146611343 0.7565698478561549 0.23513139695712304 0.06085753803596134
4 0.23513139695712312 0.5325034578146611 0.08022130013831258 0.2295988934993084
9 0.8056708160442599 0.5352697095435685 0.09543568464730284 0.2295988934993084
6 0.3651452282157676 0.42254495159059474 0.17427385892116184 0.03457814661134165
11 0.6390041493775933 0.41839557399723376 0.1798063623789764 0.04287690179806361
3 0.5186721991701245 0.8029045643153526 0.4757952973720609 0.24204702627939143
0 0.5020746887966806 0.8575380359612725 0.22130013831258644 0.1327800829875518
2 0.5020746887966806 0.3118948824343015 0.4260027662517289 0.1784232365145228
