1 0.5048409405255877 0.49446749654218536 0.9488243430152142 0.9834024896265561
5 0.3229598893499308 0.351313969571231 0.20608575380359612 0.09405255878284927
10 0.6908713692946058 0.3485477178423237 0.21991701244813272 0.09405255878284927
8 0.49930843706777317 0.47786998616874127 0.19363762102351317 0.3388658367911479
7 0.4930843706777317 0.7579529737206085 0.3029045643153527 0.10511756569847847
4 0.0933609958506224 0.41770401106500693 0.11756569847856153 0.30428769017980634
9 0.9142461964038727 0.4149377593360996 0.12171507607192254 0.2987551867219917
6 0.30497925311203317 0.2710926694329184 0.2669432918395574 0.06362378976486859
11 0.7005532503457814 0.2669432918395574 0.26970954356846477 0.06639004149377595
3 0.5069156293222683 0.8188105117565698 0.6680497925311204 0.3402489626556017
0 0.49515905947441213 0.8983402489626556 0.30428769017980634 0.16735822959889346
0 0.4840940525587829 0.12102351313969573 0.7717842323651454 0.23651452282157678
