1 0.5055325034578146 0.4515905947441217 0.6376210235131395 0.6514522821576765
5 0.3769017980636238 0.40525587828492393 0.15629322268326418 0.06085753803596127
10 0.6203319502074689 0.4024896265560166 0.14799446749654216 0.06362378976486859
8 0.49377593360995853 0.4834024896265561 0.12724757952973717 0.20331950207468885
7 0.5006915629322268 0.6604426002766252 0.17980636237897657 0.08160442600276617
4 0.22752420470262794 0.4197786998616874 0.07330567081604428 0.15076071922544954
9 0.7752420470262794 0.39419087136929465 0.08713692946058088 0.20193637621023514
6 0.3727524204702628 0.3367911479944675 0.1756569847856155 0.07053941908713696
11 0.6272475795297372 0.33748271092669435 0.1894882434301521 0.060857538035961306
3 0.4979253112033195 0.681881051175657 0.4204702627939143 0.1853388658367912
0 0.49515905947441213 0.7351313969571232 0.1466113416320885 0.08160442600276639
2 0.4896265560165975 0.21438450899031813 0.4674965421853389 0.1659751037344398
