1 0.5145228215767635 0.5159059474412172 0.5919778699861687 0.6141078838174273
5 0.4024896265560166 0.44467496542185336 0.1300138312586445 0.04564315352697093
10 0.6258644536652835 0.43222683264177036 0.13139695712309815 0.04564315352697101
8 0.5124481327800829 0.49861687413554634 0.12586445366528345 0.17289073305670827
7 0.5200553250345782 0.6652835408022129 0.1853388658367912 0.05809128630705395
4 0.27040110650069155 0.5276625172890733 0.0899031811894882 0.13139695712309823
9 0.7697095435684648 0.47994467496542187 0.07330567081604428 0.16044260027662516
6 0.3817427385892116 0.38727524204702624 0.16874135546334712 0.04426002766251727
11 0.6244813278008299 0.38312586445366525 0.16735822959889354 0.04979253112033191
3 0.5242047026279392 0.7130013831258644 0.41217150760719223 0.2171507607192254
0 0.520746887966805 0.7586445366528354 0.18395573997233755 0.1258644536652835
2 0.48132780082987553 0.2800829875518672 0.4453665283540802 0.1424619640387275
