1 0.4654218533886583 0.5262793914246197 0.6846473029045643 0.7676348547717842
5 0.3686030428769018 0.46334716459197783 0.1590594744121715 0.08022130013831258
10 0.6383125864453665 0.46334716459197783 0.16459197786998614 0.07745504840940526
8 0.4965421853388658 0.5366528354080221 0.14937759336099582 0.21300138312586442
7 0.5013831258644537 0.7309820193637622 0.2365145228215767 0.09820193637621032
4 0.17012448132780084 0.5262793914246195 0.09405255878284924 0.22544951590594742
9 0.7835408022130014 0.5463347164591978 0.04840940525587825 0.1964038727524204
6 0.35684647302904565 0.3907330567081604 0.1908713692946058 0.05117565698478565
11 0.6473029045643153 0.3893499308437067 0.17704011065006925 0.05947441217150761
3 0.4896265560165975 0.7786998616874135 0.5421853388658368 0.24896265560165987
0 0.4972337482710927 0.8437067773167359 0.19502074688796683 0.12724757952973717
2 0.4688796680497926 0.2600276625172891 0.5311203319502076 0.22130013831258646
