1 0.4993084370677731 0.4951590594744122 0.6307053941908712 0.7524204702627939
5 0.3623789764868603 0.4474412171507607 0.15491009681881052 0.0760719225449516
10 0.6514522821576763 0.44882434301521434 0.15491009681881052 0.07330567081604428
8 0.4979253112033195 0.5345781466113416 0.13554633471645913 0.21991701244813278
7 0.5034578146611342 0.7406639004149378 0.2102351313969571 0.08437067773167371
4 0.21230982019363764 0.4896265560165975 0.056708160442600256 0.13554633471645922
9 0.7842323651452281 0.48132780082987553 0.060857538035961195 0.15491009681881052
6 0.3409405255878285 0.38174273858921154 0.20055325034578148 0.06085753803596127
11 0.6611341632088519 0.38796680497925307 0.18810511756569853 0.05670816044260029
3 0.4930843706777317 0.760027662517289 0.47994467496542187 0.2254495159059475
0 0.5 0.8257261410788382 0.1756569847856156 0.08852005532503454
2 0.4923928077455048 0.23858921161825727 0.5255878284923928 0.23374827109266946
