1 0.49861687413554634 0.4481327800829875 0.4190871369294606 0.5283540802213001
5 0.4107883817427386 0.39695712309820197 0.10235131396957123 0.04149377593360995
10 0.6127247579529737 0.3838174273858921 0.09958506224066382 0.04287690179806361
8 0.5159059474412172 0.44674965421853385 0.10511756569847855 0.1687413554633472
7 0.5186721991701245 0.5975103734439834 0.16874135546334712 0.08022130013831251
4 0.3063623789764869 0.4930843706777317 0.03457814661134158 0.08437067773167356
6 0.404564315352697 0.33748271092669435 0.1396957123098202 0.03596127247579535
11 0.6023513139695712 0.33056708160442594 0.09543568464730284 0.03319502074688795
3 0.504149377593361 0.6327800829875518 0.36099585062240663 0.15352697095435686
0 0.5221300138312587 0.6728907330567081 0.13692946058091288 0.07607192254495168
2 0.487551867219917 0.2455048409405256 0.31950207468879666 0.12033195020746888
