1 0.5103734439834026 0.5470262793914246 0.6390041493775933 0.7178423236514523
5 0.3665283540802213 0.46611341632088527 0.15767634854771792 0.06915629322268323
10 0.6327800829875518 0.4674965421853389 0.15352697095435686 0.0663900414937759
8 0.5055325034578146 0.5449515905947441 0.14246196403872743 0.21576763485477174
7 0.49930843706777317 0.7434301521438451 0.21576763485477174 0.08437067773167371
4 0.23513139695712312 0.5497925311203319 0.07745504840940526 0.21438450899031808
9 0.7828492392807747 0.5421853388658368 0.09128630705394186 0.21300138312586442
6 0.35684647302904565 0.4100968188105118 0.18533886583679116 0.04011065006915629
11 0.6396957123098201 0.41078838174273863 0.17842323651452274 0.04979253112033191
3 0.5062240663900416 0.7835408022130014 0.47026279391424625 0.24481327800829888
0 0.5 0.8443983402489628 0.2033195020746888 0.11479944674965424
2 0.4965421853388659 0.28630705394190875 0.49515905947441224 0.19640387275242052
