1 0.5096818810511757 0.40179806362378967 0.46334716459197794 0.5020746887966804
5 0.4094052558782849 0.343015214384509 0.11341632088520051 0.04426002766251727
10 0.6147994467496543 0.3312586445366529 0.11479944674965424 0.051175656984785614
8 0.5145228215767635 0.4004149377593361 0.09958506224066391 0.16182572614107887
7 0.520746887966805 0.5484094052558784 0.15076071922544948 0.05947441217150761
4 0.2946058091286307 0.38035961272475793 0.038727524204702594 0.07745504840940526
9 0.7178423236514523 0.3291839557399723 0.044260027662517416 0.1438450899031812
6 0.404564315352697 0.29806362378976486 0.14246196403872752 0.03181189488243429
11 0.6161825726141079 0.2828492392807746 0.1369294605809128 0.04840940525587825
3 0.5062240663900415 0.5684647302904564 0.3623789764868603 0.16044260027662516
0 0.5172890733056709 0.6141078838174274 0.14107883817427386 0.07192254495159048
2 0.49446749654218536 0.2074688796680498 0.39695712309820186 0.11065006915629326
