1 0.504149377593361 0.5117565698478561 0.6652835408022131 0.8907330567081604
5 0.3367911479944675 0.42254495159059474 0.18672199170124487 0.08713692946058088
10 0.6542185338865838 0.4239280774550484 0.17704011065006925 0.07883817427385885
8 0.495850622406639 0.5179806362378977 0.1922544951590595 0.2531120331950207
7 0.49515905947441213 0.7641770401106501 0.2572614107883818 0.15076071922544954
6 0.3298755186721992 0.33264177040110654 0.22544951590594742 0.0760719225449516
11 0.6604426002766252 0.3278008298755186 0.23928077455048416 0.06915629322268323
3 0.5 0.8049792531120332 0.6016597510373444 0.30152143845089907
0 0.4930843706777317 0.896957123098202 0.23374827109266946 0.11756569847856156
2 0.504149377593361 0.1659751037344398 0.6569847856154911 0.2378976486860304
