1 0.5034578146611343 0.3948824343015215 0.48686030428769017 0.5629322268326418
5 0.4094052558782849 0.34993084370677735 0.12448132780082986 0.04426002766251735
10 0.5926694329183956 0.3478561549100968 0.10373443983402489 0.03457814661134165
8 0.5048409405255879 0.3997233748271093 0.10788381742738587 0.15214384508990314
7 0.5048409405255879 0.5435684647302905 0.17427385892116184 0.055325034578146484
4 0.2849239280774551 0.4190871369294606 0.04702627939142459 0.16320885200553248
9 0.7123098201936376 0.4218533886583679 0.06085753803596134 0.16320885200553248
6 0.40802213001383125 0.30567081604426 0.14937759336099588 0.03596127247579531
11 0.5912863070539419 0.3091286307053942 0.1313969571230981 0.03181189488243426
3 0.4923928077455048 0.5843706777316736 0.36791147994467494 0.1756569847856155
0 0.5027662517289073 0.619640387275242 0.15352697095435694 0.09405255878284918
2 0.4854771784232365 0.20193637621023514 0.3457814661134162 0.1659751037344398
