1 0.4986168741355463 0.4951590594744122 0.9419087136929459 0.9875518672199171
5 0.322268326417704 0.39903181189488246 0.20470262793914246 0.095435684647303
10 0.7005532503457814 0.40387275242047027 0.21161825726141076 0.09128630705394195
8 0.5103734439834025 0.5013831258644537 0.19363762102351317 0.29183955739972334
7 0.5069156293222683 0.7648686030428768 0.2780082987551867 0.10235131396957114
4 0.08644536652835409 0.4806362378976486 0.11756569847856156 0.3250345781466113
9 0.912863070539419 0.4827109266943292 0.11341632088520058 0.318118948824343
6 0.2897648686030429 0.30567081604426 0.2807745504840941 0.08022130013831255
11 0.7199170124481327 0.30567081604426 0.26417704011064996 0.08298755186721987
3 0.5055325034578146 0.8174273858921163 0.7095435684647303 0.3347164591977871
0 0.5013831258644537 0.904564315352697 0.2586445366528353 0.16597510373443997
2 0.48409405255878285 0.1334716459197787 0.7441217150760718 0.2669432918395574
