1 0.4716459197786998 0.5525587828492393 0.6915629322268326 0.7510373443983402
5 0.3623789764868603 0.48063623789764875 0.15491009681881052 0.078838174273859
10 0.632088520055325 0.47302904564315357 0.13831258644536645 0.06915629322268323
8 0.5013831258644537 0.5408022130013831 0.16735822959889354 0.24619640387275232
7 0.4972337482710927 0.7392807745504841 0.2586445366528353 0.08713692946058103
4 0.17012448132780084 0.5560165975103735 0.09958506224066391 0.21576763485477166
9 0.7897648686030427 0.5573997233748271 0.06639004149377584 0.24343015214384509
6 0.35684647302904565 0.39695712309820197 0.19363762102351312 0.055325034578146554
11 0.6417704011065006 0.3955739972337483 0.17704011065006908 0.05809128630705395
3 0.49170124481327804 0.7980636237897649 0.5435684647302904 0.251728907330567
0 0.49861687413554634 0.8533886583679114 0.24481327800829875 0.14661134163208842
2 0.4792531120331951 0.27109266943291843 0.5214384508990318 0.1936376210235132
