1 0.5477178423236514 0.3291839557399723 0.4315352697095436 0.5200553250345782
5 0.4308437067773167 0.28077455048409405 0.11203319502074685 0.044260027662517236
10 0.6182572614107884 0.2856154910096819 0.10788381742738594 0.04564315352697093
8 0.5207468879668049 0.3298755186721991 0.10096818810511757 0.15629322268326415
7 0.520746887966805 0.4674965421853389 0.15076071922544948 0.07192254495159055
4 0.34647302904564314 0.3845089903181189 0.03457814661134165 0.08022130013831258
9 0.7316735822959889 0.3623789764868603 0.05809128630705402 0.1466113416320885
6 0.43222683264177036 0.2309820193637621 0.11479944674965417 0.03596127247579531
11 0.6120331950207469 0.23236514522821575 0.13416320885200556 0.04149377593360995
3 0.5283540802213001 0.5 0.3540802213001384 0.17012448132780086
0 0.5193637621023514 0.5421853388658369 0.15076071922544954 0.0857538035961273
2 0.5428769017980636 0.14315352697095435 0.289073305670816 0.13416320885200553
