1 0.5055325034578146 0.561549100968188 0.673582295988935 0.7690179806362377
5 0.3755186721991701 0.4778699861687414 0.15076071922544954 0.04840940525587825
10 0.6390041493775933 0.4757952973720609 0.15767634854771784 0.05255878284923923
8 0.504149377593361 0.5650069156293221 0.15076071922544962 0.20885200553250335
7 0.5020746887966806 0.760027662517289 0.22406639004149376 0.06777316735822964
4 0.20470262793914246 0.5006915629322269 0.07192254495159059 0.23236514522821572
9 0.7980636237897649 0.5020746887966806 0.08022130013831258 0.23513139695712304
6 0.3603042876901798 0.4280774550484094 0.18118948824343017 0.04287690179806369
11 0.644536652835408 0.4266943291839557 0.1853388658367912 0.037344398340249045
3 0.49861687413554634 0.8160442600276625 0.4854771784232366 0.260027662517289
0 0.504149377593361 0.8706777316735823 0.20885200553250344 0.1507607192254494
2 0.4910096818810512 0.2959889349930844 0.5034578146611343 0.2295988934993084
