1 0.5235131396957122 0.38520055325034575 0.40802213001383125 0.5878284923928078
5 0.4170124481327801 0.3485477178423237 0.09266943291839552 0.04979253112033199
10 0.6092669432918395 0.3623789764868603 0.11203319502074677 0.04702627939142467
8 0.5034578146611343 0.40871369294605814 0.09405255878284927 0.17012448132780086
7 0.49515905947441213 0.5553250345781467 0.1466113416320885 0.07607192254495153
9 0.7040110650069156 0.4737206085753803 0.04149377593360995 0.06500691562932225
6 0.4197786998616874 0.29529737206085754 0.13139695712309815 0.04840940525587825
11 0.623789764868603 0.3118948824343015 0.15214384508990306 0.026279391424619616
3 0.5048409405255878 0.58298755186722 0.3651452282157676 0.18395573997233755
0 0.49446749654218536 0.6341632088520055 0.15076071922544948 0.08437067773167356
2 0.5262793914246197 0.18810511756569845 0.322268326417704 0.16874135546334712
