1 0.5200553250345782 0.45435684647302904 0.4785615491009682 0.5131396957123099
5 0.43983402489626555 0.4024896265560166 0.10235131396957114 0.04149377593360995
10 0.6168741355463346 0.4066390041493776 0.10511756569847847 0.04149377593360988
8 0.5276625172890733 0.46334716459197794 0.10096818810511764 0.15491009681881046
7 0.5276625172890733 0.5982019363762102 0.15905947441217144 0.05947441217150761
4 0.3049792531120332 0.4515905947441217 0.06224066390041493 0.15352697095435686
9 0.7219917012448133 0.45643153526970953 0.06362378976486865 0.15767634854771784
6 0.4280774550484094 0.36721991701244816 0.13692946058091288 0.026279391424619616
11 0.6286307053941909 0.3651452282157676 0.11756569847856156 0.02766251728907335
3 0.5138312586445366 0.623789764868603 0.36099585062240663 0.1687413554633472
0 0.520746887966805 0.6652835408022131 0.14246196403872752 0.08022130013831266
2 0.5172890733056709 0.2759336099585062 0.3457814661134163 0.14799446749654216
