1 0.49446749654218536 0.4757952973720609 0.5408022130013831 0.644536652835408
5 0.39142461964038733 0.39419087136929465 0.13554633471645922 0.06362378976486859
10 0.6486860304287692 0.3824343015214384 0.14107883817427377 0.06224066390041493
8 0.524896265560166 0.4820193637621024 0.14246196403872752 0.2088520055325035
7 0.5172890733056709 0.6479944674965421 0.2461964038727524 0.08713692946058088
6 0.37828492392807744 0.3381742738589212 0.16735822959889346 0.04011065006915633
11 0.6652835408022131 0.3278008298755186 0.14661134163208855 0.04702627939142459
3 0.4903181189488244 0.6908713692946058 0.4716459197786999 0.20885200553250344
0 0.5193637621023512 0.7441217150760718 0.23374827109266938 0.1023513139695713
2 0.5186721991701245 0.22821576763485477 0.37344398340248974 0.1438450899031812
