1 0.5013831258644537 0.4979253112033195 0.9419087136929459 0.9903181189488244
5 0.33333333333333337 0.3672199170124481 0.19640387275242052 0.09543568464730295
10 0.673582295988935 0.3672199170124481 0.19640387275242063 0.1147994467496542
8 0.49861687413554634 0.483402489626556 0.18118948824343023 0.322268326417704
7 0.504149377593361 0.7641770401106501 0.2669432918395573 0.11479944674965409
4 0.08921161825726141 0.4522821576763485 0.11756569847856156 0.301521438450899
9 0.912863070539419 0.4460580912863071 0.11341632088520058 0.3084370677731673
6 0.3008298755186722 0.27247579529737204 0.25864453665283543 0.05532503457814663
11 0.693637621023513 0.2717842323651452 0.2392807745504841 0.05394190871369297
3 0.5006915629322268 0.822268326417704 0.6915629322268326 0.3443983402489627
0 0.5 0.9066390041493776 0.26141078838174264 0.16182572614107898
2 0.48409405255878285 0.1286307053941909 0.6666666666666665 0.24896265560165975
