1 0.4785615491009682 0.5069156293222683 0.5449515905947442 0.6791147994467497
5 0.39488243430152137 0.44744121715076074 0.15905947441217147 0.06500691562932225
10 0.6369294605809128 0.4550484094052558 0.1452282157676349 0.07192254495159055
8 0.5131396957123099 0.5179806362378977 0.1327800829875519 0.20608575380359612
7 0.504149377593361 0.7053941908713693 0.21438450899031813 0.08022130013831273
4 0.24273858921161826 0.5069156293222683 0.06500691562932229 0.1756569847856155
9 0.7275242047026279 0.5477178423236514 0.04426002766251727 0.11894882434301522
6 0.3893499308437067 0.38035961272475793 0.19225449515905943 0.0691562932226833
11 0.6410788381742739 0.3796680497925311 0.16735822959889346 0.05670816044260029
3 0.48686030428769017 0.7365145228215768 0.4232365145228215 0.21991701244813278
0 0.5117565698478562 0.797372060857538 0.19640387275242055 0.09820193637621016
2 0.4923928077455048 0.2627939142461964 0.4619640387275241 0.17150760719225444
