1 0.5020746887966806 0.5262793914246197 0.5532503457814661 0.6154910096818811
5 0.3775933609958506 0.47095435684647297 0.13554633471645924 0.0373443983402489
10 0.6044260027662517 0.4778699861687414 0.14384508990318118 0.04564315352697093
8 0.4896265560165975 0.5421853388658368 0.12724757952973725 0.17704011065006908
7 0.48755186721991706 0.7116182572614107 0.20055325034578148 0.0760719225449516
4 0.2531120331950208 0.5076071922544952 0.055325034578146595 0.1244813278008298
9 0.7482710926694329 0.4979253112033195 0.05809128630705402 0.1687413554633473
6 0.3575380359612725 0.4239280774550484 0.16735822959889346 0.04564315352697101
11 0.6065006915629323 0.4246196403872753 0.17289073305670805 0.04979253112033199
3 0.4951590594744122 0.7309820193637622 0.42876901798063627 0.2088520055325035
0 0.48616874135546334 0.789764868603043 0.17842323651452274 0.08575380359612722
2 0.4861687413554634 0.30221300138312585 0.4550484094052558 0.1922544951590595
