1 0.508298755186722 0.5055325034578146 0.5850622406639004 0.6016597510373444
5 0.38035961272475793 0.44329183955739965 0.12171507607192257 0.06224066390041493
10 0.6134163208852006 0.4453665283540802 0.1258644536652835 0.058091286307053874
8 0.4903181189488244 0.5145228215767635 0.12033195020746888 0.1825726141078838
7 0.49170124481327804 0.686030428769018 0.18672199170124487 0.07192254495159062
4 0.2558782849239281 0.48824343015214383 0.07745504840940526 0.17150760719225444
9 0.7607192254495159 0.49100968188105115 0.08575380359612722 0.15767634854771784
6 0.37344398340248963 0.3893499308437067 0.16044260027662516 0.05394190871369297
11 0.6175656984785616 0.39142461964038733 0.17289073305670818 0.04979253112033199
3 0.5027662517289073 0.710926694329184 0.40248962655601667 0.1825726141078838
0 0.49239280774550487 0.7641770401106501 0.18810511756569853 0.08160442600276624
2 0.48755186721991706 0.2800829875518672 0.38035961272475793 0.15352697095435686
