1 0.5034578146611342 0.4246196403872753 0.5975103734439834 0.6998616874135547
5 0.38796680497925307 0.40525587828492393 0.13969571230982022 0.0663900414937759
10 0.6168741355463347 0.40387275242047027 0.12724757952973717 0.07468879668049794
8 0.4979253112033195 0.4647302904564315 0.11894882434301522 0.20470262793914246
7 0.5 0.6438450899031812 0.18118948824343023 0.07883817427385892
4 0.24343015214384509 0.4094052558782849 0.07745504840940526 0.2047026279391424
9 0.7607192254495159 0.39834024896265563 0.07745504840940526 0.1964038727524205
6 0.3686030428769018 0.3367911479944675 0.16735822959889354 0.053941908713692935
11 0.6265560165975104 0.3278008298755186 0.17150760719225452 0.04979253112033199
3 0.49515905947441213 0.6763485477178424 0.3983402489626555 0.19363762102351317
0 0.5013831258644537 0.7289073305670817 0.18672199170124487 0.09128630705394201
2 0.47994467496542187 0.19986168741355465 0.384508990318119 0.2116182572614108
