1 0.4647302904564316 0.47510373443983395 0.4232365145228216 0.4744121715076072
5 0.3907330567081605 0.42876901798063627 0.1092669432918396 0.035961272475795385
10 0.5546334716459198 0.42876901798063627 0.09958506224066391 0.041493775933610026
8 0.4744121715076072 0.48201936376210236 0.1023513139695713 0.13692946058091293
7 0.4723374827109266 0.6023513139695713 0.14522821576763484 0.04840940525587818
4 0.2842323651452282 0.47925311203319504 0.05394190871369297 0.11756569847856156
9 0.6542185338865836 0.4695712309820194 0.035961272475795385 0.1092669432918396
6 0.37413554633471646 0.38727524204702635 0.13692946058091285 0.03319502074688792
11 0.5560165975103735 0.38796680497925307 0.12171507607192254 0.03181189488243426
3 0.4716459197786999 0.6313969571230982 0.32365145228215764 0.14799446749654221
0 0.4744121715076072 0.6687413554633471 0.14107883817427386 0.08437067773167364
2 0.4550484094052558 0.3042876901798064 0.34024896265560167 0.13001383125864457
