1 0.48755186721991706 0.4204702627939142 0.5214384508990318 0.5560165975103734
5 0.4004149377593361 0.37759336099585056 0.11479944674965424 0.06085753803596127
10 0.6217150760719226 0.3775933609958506 0.11756569847856156 0.04979253112033191
8 0.5089903181189489 0.43706777316735823 0.11894882434301515 0.16320885200553256
7 0.5020746887966806 0.5864453665283541 0.16320885200553256 0.08852005532503454
4 0.2648686030428769 0.3886583679114799 0.07883817427385889 0.1549100968188105
9 0.7206085753803596 0.4024896265560166 0.05255878284923938 0.1300138312586445
6 0.4045643153526971 0.3208852005532503 0.1452282157676349 0.055325034578146554
11 0.6251728907330567 0.3250345781466113 0.12724757952973717 0.05532503457814663
3 0.4965421853388658 0.6065006915629323 0.3651452282157676 0.17565698478561537
0 0.5013831258644537 0.6632088520055325 0.1396957123098201 0.06777316735822957
2 0.48824343015214383 0.21853388658367912 0.37344398340248963 0.14937759336099588
