1 0.5159059474412172 0.5442600276625172 0.6998616874135547 0.7676348547717842
5 0.36929460580912865 0.47302904564315357 0.15491009681881052 0.06915629322268323
10 0.6327800829875518 0.47994467496542187 0.16459197786998614 0.0719225449515907
8 0.49861687413554634 0.5546334716459198 0.1535269709543568 0.23789764868603044
7 0.5006915629322268 0.7558782849239282 0.24896265560165973 0.09820193637621016
4 0.20885200553250344 0.5401106500691563 0.08298755186721994 0.19225449515905943
9 0.8222683264177042 0.5297372060857538 0.08713692946058088 0.2295988934993084
6 0.3623789764868603 0.41147994467496546 0.18257261410788383 0.05117565698478557
11 0.6390041493775933 0.4128630705394191 0.19363762102351323 0.04011065006915629
3 0.5034578146611343 0.8001383125864453 0.5145228215767635 0.2392807745504841
0 0.5048409405255878 0.8616874135546334 0.25449515905947434 0.11341632088520058
2 0.5048409405255879 0.28146611341632094 0.5311203319502076 0.20331950207468885
