1 0.4764868603042876 0.3734439834024896 0.44674965421853385 0.5145228215767634
5 0.37482710926694324 0.33748271092669435 0.10511756569847855 0.04702627939142463
10 0.5656984785615491 0.33264177040110654 0.11065006915629326 0.04564315352697097
8 0.46611341632088527 0.3955739972337482 0.10511756569847869 0.16044260027662513
7 0.4695712309820194 0.5352697095435685 0.1590594744121715 0.0663900414937759
4 0.2835408022130014 0.3547717842323651 0.05809128630705395 0.13692946058091288
9 0.6728907330567081 0.3582295988934993 0.056708160442600214 0.14937759336099588
6 0.36376210235131395 0.28907330567081607 0.12171507607192254 0.03596127247579531
11 0.5670816044260027 0.2946058091286307 0.1438450899031811 0.041493775933609915
3 0.4764868603042876 0.5518672199170124 0.31673582295988933 0.15491009681881052
0 0.46818810511756564 0.5933609958506224 0.14522821576763484 0.06915629322268323
2 0.4695712309820193 0.19709543568464732 0.36376210235131395 0.1507607192254495
