1 0.5020746887966804 0.3914246196403872 0.38450899031811886 0.4674965421853388
5 0.4239280774550484 0.3506224066390041 0.09266943291839552 0.04840940525587833
10 0.5885200553250346 0.3533886583679115 0.0899031811894882 0.03457814661134165
8 0.5048409405255878 0.3997233748271093 0.0829875518672199 0.13831258644536654
7 0.5027662517289073 0.5221300138312587 0.1258644536652835 0.05117565698478565
4 0.33471645919778703 0.38727524204702624 0.03872752420470267 0.10788381742738594
9 0.6694329183955738 0.3907330567081605 0.04702627939142459 0.1092669432918396
6 0.4218533886583679 0.3063623789764868 0.11065006915629326 0.03734439834024897
11 0.5885200553250346 0.3084370677731673 0.10373443983402489 0.04149377593360995
3 0.5 0.5497925311203319 0.2835408022130014 0.15352697095435686
0 0.5013831258644537 0.5885200553250346 0.1230982019363762 0.08160442600276617
2 0.49377593360995853 0.22406639004149378 0.24896265560165973 0.1300138312586446
