1 0.4737206085753803 0.3637621023513139 0.4854771784232365 0.6085753803596127
5 0.37206085753803597 0.31950207468879666 0.11894882434301525 0.05255878284923923
10 0.5822959889349931 0.3208852005532503 0.12171507607192247 0.058091286307053874
8 0.4744121715076072 0.3838174273858921 0.1161825726141079 0.17012448132780078
7 0.47026279391424625 0.5408022130013832 0.1825726141078838 0.07468879668049802
4 0.24688796680497926 0.343015214384509 0.04564315352697093 0.16044260027662513
9 0.6922544951590595 0.37136929460580914 0.04011065006915629 0.15352697095435686
6 0.36376210235131395 0.2579529737206086 0.14107883817427386 0.04840940525587829
11 0.5905947441217151 0.2607192254495159 0.14384508990318104 0.051175656984785614
3 0.4744121715076071 0.5691562932226831 0.3900414937759335 0.1894882434301521
0 0.466804979253112 0.6224066390041494 0.1535269709543568 0.08298755186721976
2 0.462655601659751 0.15214384508990317 0.42185338865836797 0.18810511756569848
