1 0.5124481327800829 0.5463347164591977 0.7289073305670816 0.8547717842323651
5 0.37413554633471646 0.4688796680497926 0.15076071922544954 0.05809128630705395
10 0.6334716459197787 0.47095435684647297 0.16044260027662516 0.05670816044260029
8 0.5020746887966804 0.5546334716459197 0.1466113416320885 0.2240663900414937
7 0.5020746887966805 0.7586445366528355 0.21300138312586442 0.05947441217150768
4 0.18741355463347165 0.5587828492392808 0.07883817427385892 0.24896265560165973
9 0.8271092669432919 0.5656984785615491 0.09405255878284918 0.2295988934993084
6 0.35892116182572614 0.40871369294605814 0.20608575380359614 0.05394190871369297
11 0.6383125864453665 0.41078838174273863 0.1867219917012448 0.055325034578146554
3 0.5034578146611343 0.8278008298755186 0.5532503457814661 0.2835408022130014
0 0.5013831258644537 0.8838174273858921 0.2586445366528353 0.17704011065006908
2 0.4937759336099585 0.2579529737206086 0.5366528354080221 0.2614107883817428
