1 0.5255878284923928 0.37067773167358226 0.44536652835408025 0.4536652835408022
5 0.42946058091286304 0.32849239280774556 0.10373443983402489 0.04840940525587833
10 0.5947441217150761 0.3257261410788381 0.10235131396957123 0.04287690179806361
8 0.5131396957123099 0.3775933609958506 0.0857538035961273 0.13831258644536656
7 0.5179806362378977 0.5027662517289073 0.13416320885200556 0.05947441217150768
4 0.3360995850622407 0.3699861687413554 0.049792531120331954 0.1147994467496542
9 0.7171507607192253 0.3312586445366529 0.062240663900415 0.13416320885200553
6 0.41632088520055327 0.28907330567081607 0.12724757952973717 0.030428769017980598
11 0.6009681881051177 0.2835408022130014 0.14246196403872752 0.03319502074688795
3 0.5221300138312587 0.5193637621023514 0.31673582295988933 0.14799446749654216
0 0.5159059474412172 0.5643153526970954 0.11894882434301515 0.06915629322268323
2 0.504149377593361 0.21023513139695715 0.355463347164592 0.13001383125864455
