1 0.5027662517289073 0.37136929460580914 0.3858921161825725 0.39695712309820197
5 0.42047026279391425 0.34716459197787 0.09405255878284918 0.03596127247579531
10 0.574688796680498 0.3457814661134163 0.09266943291839552 0.04149377593360995
8 0.4972337482710927 0.39419087136929465 0.0760719225449516 0.13001383125864457
7 0.5013831258644537 0.49861687413554634 0.1230982019363762 0.04287690179806369
4 0.3340248962655602 0.34024896265560167 0.04564315352697097 0.11894882434301522
9 0.6680497925311204 0.33264177040110654 0.04979253112033191 0.11203319502074692
6 0.4135546334716459 0.31051175656984786 0.11065006915629319 0.03181189488243426
11 0.5781466113416321 0.3063623789764869 0.10788381742738579 0.03457814661134158
3 0.5027662517289073 0.5172890733056709 0.255878284923928 0.10511756569847855
0 0.5020746887966806 0.5435684647302905 0.11341632088520051 0.04979253112033184
2 0.49446749654218536 0.2323651452282158 0.29737206085753803 0.11341632088520061
