1 0.5006915629322268 0.3029045643153527 0.24896265560165973 0.359612724757953
5 0.4343015214384509 0.2690179806362379 0.06915629322268323 0.03457814661134161
10 0.5691562932226834 0.2690179806362379 0.06500691562932225 0.03457814661134161
8 0.5006915629322268 0.31258644536652835 0.0691562932226833 0.10788381742738583
7 0.5055325034578146 0.40940525587828497 0.11203319502074685 0.04426002766251727
11 0.5719225449515907 0.23582295988934995 0.06500691562932225 0.020746887966804975
3 0.5034578146611343 0.42600276625172895 0.23789764868603036 0.11618257261410783
0 0.5034578146611343 0.4557399723374827 0.11341632088520051 0.05117565698478557
2 0.49239280774550487 0.17081604426002767 0.1964038727524205 0.10096818810511757
6 0.43706777316735823 0.23789764868603044 0.06915629322268323 0.022130013831258635
