1 0.4979253112033195 0.45712309820193636 0.603042876901798 0.673582295988935
5 0.3789764868603043 0.3997233748271093 0.13554633471645924 0.06639004149377598
10 0.6348547717842323 0.4031811894882435 0.1383125864453666 0.06777316735822957
8 0.5027662517289073 0.4737206085753803 0.11479944674965417 0.2005532503457814
7 0.5062240663900415 0.6549100968188105 0.19917012448132781 0.10373443983402496
4 0.2413554633471646 0.4598893499308437 0.07053941908713696 0.17012448132780078
9 0.769017980636238 0.4930843706777317 0.04979253112033191 0.09820193637621025
6 0.3720608575380359 0.34163208852005533 0.18810511756569845 0.055325034578146665
11 0.644536652835408 0.34163208852005533 0.17704011065006908 0.060857538035961306
3 0.5103734439834026 0.6860304287690181 0.4536652835408023 0.20470262793914246
0 0.5034578146611342 0.7489626556016598 0.17980636237897657 0.08437067773167356
2 0.48755186721991706 0.21161825726141079 0.43568464730290457 0.1798063623789765
