1 0.5069156293222683 0.5117565698478562 0.8035961272475796 0.9488243430152145
5 0.30497925311203317 0.4647302904564315 0.18672199170124482 0.08022130013831258
10 0.6618257261410788 0.44674965421853385 0.1894882434301522 0.08022130013831258
8 0.4889349930843707 0.5311203319502075 0.1784232365145229 0.2738589211618256
7 0.49446749654218536 0.7800829875518673 0.25034578146611336 0.11065006915629326
4 0.14868603042876902 0.6085753803596127 0.0926694329183956 0.22683264177040108
9 0.8526970954356847 0.5698478561549101 0.10373443983402496 0.23236514522821572
6 0.29529737206085754 0.35408022130013833 0.23928077455048413 0.07468879668049798
11 0.6542185338865838 0.3437067773167358 0.23236514522821586 0.0926694329183956
3 0.495850622406639 0.8547717842323652 0.6099585062240663 0.2683264177040111
0 0.4903181189488244 0.9128630705394191 0.24481327800829875 0.14384508990318123
2 0.47302904564315357 0.177731673582296 0.6196403872752421 0.24757952973720607
