1 0.5089903181189489 0.5117565698478562 0.5089903181189489 0.7275242047026279
5 0.38727524204702624 0.4564315352697095 0.13831258644536656 0.05809128630705395
10 0.6417704011065006 0.4529737206085754 0.1410788381742739 0.05670816044260029
8 0.512448132780083 0.5235131396957123 0.14799446749654221 0.23374827109266946
7 0.5117565698478562 0.7420470262793915 0.23236514522821572 0.10096818810511764
6 0.37828492392807744 0.3845089903181189 0.18395573997233747 0.04702627939142459
11 0.6459197786998618 0.38035961272475793 0.19087136929460585 0.05255878284923923
3 0.5076071922544952 0.7565698478561549 0.4536652835408023 0.23513139695712318
0 0.5089903181189489 0.8305670816044262 0.21023513139695715 0.08713692946058088
2 0.4993084370677732 0.26348547717842324 0.47302904564315357 0.19778699861687415
