1 0.49170124481327804 0.5594744121715076 0.6763485477178424 0.7289073305670816
5 0.3748271092669433 0.4778699861687414 0.15767634854771784 0.05117565698478557
10 0.6341632088520055 0.47717842323651455 0.1590594744121715 0.04979253112033191
8 0.5055325034578148 0.5573997233748271 0.15076071922544954 0.1936376210235131
7 0.49861687413554634 0.7468879668049792 0.2586445366528353 0.09958506224066398
4 0.20193637621023514 0.5456431535269709 0.09958506224066391 0.2171507607192254
9 0.789764868603043 0.5553250345781466 0.08022130013831258 0.24481327800829875
6 0.3665283540802213 0.4266943291839557 0.19363762102351312 0.04564315352697101
11 0.6376210235131397 0.4266943291839557 0.1825726141078838 0.037344398340249045
3 0.4937759336099586 0.789073305670816 0.4923928077455049 0.26417704011065013
0 0.4972337482710927 0.8644536652835407 0.24757952973720607 0.12724757952973717
2 0.4930843706777317 0.3008298755186722 0.5048409405255879 0.20608575380359612
