1 0.5076071922544951 0.4260027662517289 0.4453665283540802 0.4591977869986168
5 0.4190871369294606 0.3720608575380359 0.0968188105117565 0.04426002766251735
10 0.5802213001383126 0.3796680497925311 0.1037344398340248 0.04287690179806361
8 0.49930843706777317 0.4273858921161826 0.09405255878284918 0.13554633471645922
7 0.4930843706777317 0.5518672199170125 0.13139695712309823 0.05532503457814663
4 0.3188105117565698 0.4280774550484094 0.059474412171507535 0.09820193637621025
9 0.6887966804979253 0.4135546334716459 0.07745504840940526 0.15491009681881046
6 0.4128630705394191 0.3291839557399723 0.13692946058091288 0.035961272475795274
11 0.5905947441217151 0.3367911479944675 0.13278008298755176 0.04287690179806365
3 0.4965421853388658 0.5726141078838174 0.3125864453665283 0.1659751037344398
0 0.4923928077455048 0.6168741355463346 0.1466113416320885 0.08022130013831258
2 0.5 0.2551867219917013 0.32780082987551856 0.10650069156293224
