1 0.4820193637621024 0.4993084370677732 0.5905947441217151 0.727524204702628
5 0.3623789764868603 0.4239280774550484 0.16597510373443988 0.06224066390041493
10 0.6417704011065006 0.4280774550484094 0.15491009681881052 0.05947441217150761
8 0.49930843706777317 0.5138312586445366 0.13831258644536645 0.20608575380359617
7 0.5048409405255878 0.7081604426002767 0.20746887966804978 0.08575380359612737
4 0.2136929460580913 0.5138312586445367 0.051175656984785614 0.16459197786998614
9 0.7607192254495161 0.5573997233748271 0.03319502074688799 0.0663900414937759
6 0.35269709543568467 0.3623789764868603 0.1936376210235132 0.05809128630705402
11 0.6590594744121715 0.36445366528354084 0.2033195020746888 0.05670816044260029
3 0.495850622406639 0.7461964038727524 0.49100968188105126 0.23374827109266952
0 0.5013831258644537 0.8070539419087137 0.18672199170124487 0.11203319502074692
2 0.4979253112033195 0.2392807745504841 0.5062240663900416 0.20193637621023514
