1 0.5013831258644537 0.4024896265560166 0.7455048409405256 0.8022130013831259
5 0.3319502074688797 0.24204702627939145 0.21023513139695713 0.09681881051175659
10 0.6950207468879668 0.2475795297372061 0.20608575380359612 0.11065006915629319
8 0.5069156293222683 0.359612724757953 0.15905947441217158 0.309820193637621
7 0.5048409405255878 0.6120331950207468 0.2793914246196404 0.09820193637621016
4 0.156984785615491 0.23858921161825727 0.05394190871369295 0.2171507607192254
9 0.8533886583679114 0.3118948824343015 0.03319502074688799 0.12033195020746891
6 0.318118948824343 0.16182572614107887 0.2323651452282158 0.06362378976486861
11 0.7088520055325034 0.16044260027662516 0.230982019363762 0.05532503457814661
3 0.5138312586445366 0.6625172890733058 0.598893499308437 0.276625172890733
0 0.5020746887966805 0.7323651452282158 0.2655601659751036 0.14246196403872757
2 0.48478561549100974 0.06431535269709543 0.623789764868603 0.12863070539419086
