1 0.5006915629322268 0.3699861687413554 0.43706777316735823 0.5269709543568465
5 0.38312586445366525 0.3547717842323651 0.1023513139695713 0.04287690179806369
10 0.5781466113416321 0.34163208852005533 0.11065006915629311 0.04149377593360995
8 0.48063623789764875 0.39626556016597514 0.10096818810511757 0.16182572614107887
7 0.4854771784232365 0.5394190871369294 0.14107883817427386 0.06085753803596127
4 0.29322268326417705 0.3575380359612725 0.027662517289073315 0.08713692946058092
9 0.6874135546334716 0.34923928077455046 0.0553250345781467 0.1396957123098202
6 0.37206085753803597 0.2946058091286307 0.12724757952973723 0.038727524204702594
11 0.5767634854771784 0.28492392807745504 0.13554633471645922 0.05532503457814663
3 0.4937759336099585 0.5560165975103735 0.3208852005532503 0.15491009681881046
0 0.4854771784232365 0.5995850622406639 0.13001383125864457 0.06777316735822957
2 0.4723374827109266 0.17911479944674966 0.3112033195020747 0.1396957123098202
