1 0.5096818810511756 0.6265560165975104 0.5961272475795297 0.6556016597510372
5 0.3506224066390041 0.5573997233748271 0.14246196403872752 0.0663900414937759
10 0.6189488243430152 0.5504840940525588 0.14522821576763484 0.07468879668049802
8 0.4861687413554634 0.6459197786998616 0.13416320885200556 0.2157676348547718
7 0.48547717842323657 0.8201936376210236 0.19087136929460585 0.09405255878284918
4 0.2337482710926694 0.598893499308437 0.04149377593360995 0.1244813278008298
9 0.7724757952973721 0.5484094052558782 0.07053941908713682 0.21438450899031808
6 0.34024896265560167 0.49446749654218536 0.19363762102351317 0.062240663900415
11 0.6224066390041494 0.4820193637621024 0.1936376210235131 0.078838174273859
3 0.49654218533886585 0.859612724757953 0.4343015214384509 0.18672199170124457
0 0.4806362378976487 0.9100968188105116 0.18118948824343006 0.08298755186721976
2 0.47095435684647297 0.37344398340248963 0.43291839557399725 0.14937759336099588
