1 0.5006915629322267 0.4764868603042876 0.4591977869986168 0.507607192254495
5 0.40110650069156295 0.42876901798063627 0.13831258644536654 0.05809128630705395
10 0.6009681881051175 0.42946058091286304 0.10926694329183953 0.05947441217150761
8 0.5020746887966806 0.487551867219917 0.09405255878284927 0.16182572614107882
7 0.5055325034578148 0.6272475795297372 0.14799446749654221 0.056708160442600214
4 0.2959889349930844 0.4349930843706777 0.052558782849239274 0.14522821576763476
9 0.7074688796680497 0.44536652835408025 0.04011065006915629 0.15491009681881052
6 0.39695712309820197 0.38105117565698476 0.13554633471645922 0.03734439834024897
11 0.61134163208852 0.38105117565698476 0.13554633471645922 0.03457814661134165
3 0.5006915629322267 0.6479944674965421 0.33748271092669424 0.1590594744121715
0 0.49861687413554634 0.6922544951590595 0.1369294605809128 0.07053941908713696
2 0.503457814661134 0.29114799446749656 0.3762102351313969 0.1535269709543569
