1 0.49515905947441213 0.3907330567081605 0.4619640387275241 0.6708160442600277
5 0.3824343015214384 0.30982019363762103 0.14522821576763487 0.06915629322268323
10 0.6286307053941909 0.318118948824343 0.15076071922544954 0.0663900414937759
8 0.5006915629322267 0.40110650069156295 0.14384508990318118 0.21300138312586442
7 0.4951590594744122 0.5947441217150761 0.21300138312586442 0.09681881051175659
6 0.3692946058091286 0.2572614107883818 0.1687413554633472 0.052558782849239274
11 0.6327800829875518 0.2676348547717842 0.17012448132780078 0.05670816044260029
3 0.49377593360995853 0.61134163208852 0.4204702627939143 0.22406639004149376
0 0.49239280774550487 0.6798063623789764 0.18810511756569853 0.0926694329183956
2 0.4993084370677732 0.15283540802213 0.4149377593360996 0.17289073305670816
