1 0.5186721991701245 0.3257261410788381 0.5643153526970954 0.6486860304287689
5 0.3699861687413555 0.25103734439834025 0.15076071922544954 0.05947441217150761
10 0.6127247579529737 0.25933609958506226 0.14937759336099582 0.06500691562932229
8 0.48686030428769017 0.3257261410788381 0.11894882434301522 0.20608575380359606
7 0.47925311203319504 0.5124481327800829 0.1867219917012447 0.08990318118948828
4 0.2579529737206086 0.30982019363762103 0.059474412171507576 0.13831258644536654
9 0.7614107883817428 0.3319502074688796 0.0760719225449516 0.1798063623789765
6 0.36791147994467494 0.1887966804979253 0.1825726141078838 0.05394190871369297
11 0.6272475795297372 0.19432918395574 0.19225449515905943 0.06500691562932229
3 0.4972337482710927 0.5401106500691563 0.43015214384508993 0.21161825726141076
0 0.48132780082987553 0.5961272475795297 0.16320885200553248 0.09405255878284918
2 0.5117565698478562 0.08160442600276624 0.4757952973720609 0.16044260027662516
