1 0.48755186721991706 0.46334716459197794 0.4550484094052558 0.4343015214384509
5 0.39626556016597503 0.41217150760719223 0.0926694329183956 0.030428769017980598
10 0.5615491009681881 0.4004149377593362 0.09128630705394179 0.03457814661134158
8 0.47925311203319504 0.4557399723374827 0.10373443983402496 0.1258644536652836
7 0.48755186721991706 0.5719225449515907 0.1396957123098202 0.04287690179806361
4 0.2966804979253112 0.4412171507607192 0.07053941908713686 0.1438450899031811
9 0.6839557399723375 0.4232365145228216 0.05947441217150768 0.14107883817427386
6 0.3907330567081604 0.3769017980636238 0.11479944674965431 0.02351313969571237
11 0.5705394190871369 0.36376210235131395 0.1230982019363762 0.03042876901798067
3 0.495850622406639 0.607883817427386 0.3084370677731673 0.14799446749654216
0 0.4903181189488244 0.6369294605809128 0.14799446749654216 0.08437067773167356
2 0.4688796680497925 0.29529737206085754 0.30152143845089907 0.09543568464730288
