1 0.5276625172890733 0.5304287690179806 0.5020746887966806 0.48824343015214394
5 0.40802213001383125 0.45504840940525587 0.12171507607192254 0.04702627939142459
10 0.6078838174273858 0.44674965421853385 0.10926694329183945 0.04702627939142459
8 0.5152143845089903 0.5193637621023514 0.11203319502074685 0.16459197786998614
7 0.5200553250345782 0.6708160442600277 0.16320885200553248 0.06639004149377606
4 0.30567081604426 0.4785615491009682 0.05255878284923923 0.14384508990318123
9 0.7475795297372062 0.44398340248962653 0.07330567081604428 0.17150760719225452
6 0.38727524204702624 0.4170124481327801 0.15214384508990317 0.02904564315352701
11 0.6099585062240663 0.4094052558782849 0.16874135546334706 0.03596127247579524
3 0.529045643153527 0.6860304287690181 0.35822959889349937 0.1687413554633473
0 0.5276625172890733 0.7323651452282158 0.18118948824343015 0.07883817427385907
2 0.5006915629322268 0.34232365145228216 0.42600276625172895 0.10096818810511757
