1 0.49170124481327804 0.5207468879668049 0.48824343015214394 0.6127247579529737
5 0.40387275242047027 0.4744121715076072 0.14937759336099588 0.0663900414937759
10 0.6417704011065006 0.48686030428769017 0.13278008298755195 0.055325034578146554
8 0.5193637621023514 0.5539419087136929 0.11756569847856163 0.2005532503457814
7 0.5096818810511756 0.7185338865836792 0.18118948824343015 0.07053941908713696
4 0.2752420470262794 0.4744121715076072 0.049792531120331954 0.16044260027662516
6 0.40387275242047027 0.417704011065007 0.18533886583679116 0.06362378976486859
11 0.6390041493775933 0.4308437067773167 0.17427385892116176 0.05670816044260029
3 0.495850622406639 0.7365145228215766 0.3582295988934993 0.1728907330567081
0 0.5048409405255879 0.7869986168741354 0.16320885200553256 0.07745504840940512
2 0.5069156293222683 0.31051175656984786 0.4329183955739972 0.16182572614107887
