1 0.5179806362378977 0.5103734439834026 0.6348547717842323 0.7994467496542186
5 0.3506224066390041 0.4384508990318119 0.15629322268326415 0.07192254495159055
10 0.6521438450899032 0.4412171507607192 0.15352697095435686 0.07468879668049794
8 0.5013831258644537 0.5276625172890733 0.15629322268326426 0.25034578146611336
7 0.49654218533886585 0.7413554633471645 0.2102351313969571 0.11065006915629326
9 0.8022130013831259 0.5650069156293223 0.06362378976486852 0.11203319502074692
6 0.34647302904564314 0.36721991701244816 0.18948824343015214 0.06224066390041493
11 0.6576763485477178 0.36721991701244816 0.18118948824343023 0.05947441217150761
3 0.4979253112033195 0.784923928077455 0.5145228215767635 0.24204702627939156
0 0.49654218533886585 0.855463347164592 0.21853388658367906 0.11203319502074692
2 0.5076071922544952 0.22130013831258644 0.42047026279391425 0.21576763485477174
