1 0.4598893499308437 0.3997233748271093 0.673582295988935 0.7994467496542186
5 0.3533886583679115 0.2994467496542185 0.18948824343015214 0.08713692946058092
10 0.6417704011065006 0.3118948824343015 0.16874135546334712 0.0843706777316736
8 0.5103734439834026 0.38727524204702635 0.15491009681881052 0.26556016597510385
7 0.49170124481327804 0.6196403872752421 0.2558782849239281 0.10511756569847862
4 0.17289073305670816 0.3699861687413554 0.08298755186721989 0.23651452282157673
6 0.34024896265560167 0.21784232365145229 0.24343015214384509 0.08160442600276628
11 0.6576763485477178 0.23098201936376214 0.22821576763485488 0.06915629322268327
3 0.4716459197786999 0.6569847856154911 0.5338865836791149 0.27939142461964034
0 0.4937759336099585 0.7323651452282158 0.2295988934993084 0.12586445366528365
2 0.47372060857538045 0.09612724757952973 0.5850622406639006 0.18118948824343015
