1 0.5 0.4695712309820194 0.5463347164591978 0.5546334716459198
5 0.38105117565698476 0.41493775933609967 0.12033195020746888 0.06362378976486859
10 0.6009681881051175 0.41217150760719223 0.13416320885200542 0.06085753803596127
8 0.49239280774550487 0.4827109266943292 0.09405255878284918 0.17427385892116176
7 0.49377593360995853 0.6334716459197787 0.17704011065006925 0.07745504840940526
4 0.25864453665283543 0.43706777316735823 0.060857538035961306 0.17704011065006925
9 0.7344398340248963 0.44674965421853385 0.07468879668049809 0.17427385892116184
6 0.3692946058091286 0.34647302904564314 0.14384508990318118 0.056708160442600325
11 0.6092669432918396 0.3478561549100968 0.14799446749654216 0.04564315352697101
3 0.4965421853388658 0.6597510373443984 0.39004149377593356 0.17427385892116193
0 0.49239280774550487 0.7102351313969573 0.1715076071922546 0.07053941908713696
2 0.4972337482710926 0.2558782849239281 0.34439834024896254 0.1217150760719225
