1 0.47510373443983395 0.45020746887966806 0.3803596127247579 0.39142461964038733
5 0.40871369294605814 0.4190871369294606 0.08713692946058096 0.04979253112033191
10 0.5470262793914246 0.4170124481327801 0.0926694329183956 0.04287690179806361
8 0.4764868603042878 0.4605809128630706 0.08160442600276632 0.11894882434301529
7 0.4744121715076072 0.5698478561549101 0.11065006915629326 0.05255878284923931
4 0.30982019363762103 0.41839557399723376 0.04149377593360988 0.09820193637621016
9 0.6417704011065006 0.4142461964038728 0.0442600276625172 0.11203319502074685
6 0.4004149377593361 0.3796680497925311 0.1092669432918396 0.04011065006915629
11 0.5504840940525588 0.3824343015214384 0.11341632088520051 0.03181189488243433
3 0.4785615491009682 0.5809128630705395 0.2821576763485477 0.12724757952973711
0 0.4757952973720609 0.6196403872752421 0.11341632088520058 0.058091286307053874
2 0.47095435684647297 0.3188105117565698 0.2918395573997234 0.09820193637621027
