1 0.49861687413554634 0.42047026279391425 0.6680497925311204 0.8381742738589212
5 0.32157676348547715 0.26832641770401106 0.1977869986168741 0.08852005532503454
10 0.6770401106500692 0.26556016597510373 0.18395573997233755 0.08575380359612722
8 0.49930843706777317 0.38727524204702635 0.17427385892116193 0.2959889349930844
7 0.5013831258644537 0.6604426002766252 0.255878284923928 0.1258644536652835
6 0.30221300138312585 0.17842323651452283 0.2641770401106501 0.08022130013831258
11 0.6922544951590595 0.17427385892116184 0.24204702627939143 0.08575380359612725
3 0.47994467496542187 0.6881051175656985 0.6085753803596128 0.30567081604426
0 0.5006915629322268 0.7821576763485477 0.24343015214384509 0.11479944674965424
2 0.46818810511756564 0.06085753803596127 0.5629322268326418 0.12171507607192254
