1 0.5 0.5062240663900415 0.5684647302904565 0.6085753803596127
5 0.4211618257261411 0.45919778699861685 0.1452282157676349 0.07192254495159062
10 0.6514522821576765 0.45781466113416314 0.11894882434301522 0.05809128630705395
8 0.5477178423236514 0.5262793914246197 0.11341632088520058 0.1894882434301521
7 0.5318118948824343 0.6915629322268326 0.17012448132780078 0.07468879668049794
4 0.26832641770401106 0.4495159059474412 0.09128630705394186 0.17150760719225452
9 0.7586445366528355 0.4439834024896266 0.05117565698478572 0.14937759336099588
6 0.41562932226832644 0.39626556016597514 0.17289073305670818 0.05117565698478557
11 0.6493775933609959 0.4024896265560166 0.15629322268326418 0.05255878284923923
3 0.5214384508990318 0.7136929460580913 0.384508990318119 0.18810511756569845
0 0.5269709543568465 0.7641770401106501 0.15767634854771778 0.08160442600276624
2 0.5159059474412172 0.2849239280774551 0.42323651452282157 0.18533886583679113
