1 0.5055325034578146 0.4910096818810512 0.5767634854771785 0.7524204702627939
5 0.3623789764868603 0.4128630705394191 0.1466113416320885 0.0760719225449516
10 0.6396957123098201 0.4142461964038728 0.1452282157676349 0.07330567081604428
8 0.4972337482710927 0.5020746887966806 0.12033195020746888 0.23513139695712304
7 0.5020746887966806 0.7019363762102351 0.21853388658367912 0.095435684647303
9 0.7731673582295988 0.5546334716459198 0.03319502074688799 0.06085753803596127
6 0.35408022130013833 0.34716459197787003 0.18810511756569848 0.04979253112033199
11 0.6493775933609959 0.3457814661134163 0.1894882434301522 0.055325034578146665
3 0.5 0.7434301521438451 0.48824343015214394 0.23374827109266952
0 0.49377593360995853 0.8056708160442599 0.17704011065006925 0.1037344398340248
2 0.4896265560165975 0.22683264177040108 0.5034578146611343 0.19087136929460577
