1 0.5027662517289073 0.3838174273858921 0.37482710926694324 0.4246196403872753
5 0.4197786998616874 0.34716459197787003 0.0899031811894882 0.04979253112033199
10 0.5816044260027663 0.34163208852005533 0.10096818810511748 0.04426002766251731
8 0.49930843706777317 0.38105117565698476 0.08852005532503454 0.12863070539419094
7 0.5034578146611342 0.5027662517289073 0.12724757952973717 0.062240663900415
4 0.33748271092669435 0.392807745504841 0.04426002766251731 0.12448132780082993
9 0.6652835408022129 0.38865836791148 0.05255878284923931 0.12448132780082993
6 0.41217150760719223 0.2987551867219917 0.10235131396957123 0.035961272475795274
11 0.5836791147994468 0.29114799446749656 0.09128630705394186 0.04564315352697093
3 0.5006915629322267 0.5276625172890733 0.2738589211618257 0.13139695712309823
0 0.5048409405255878 0.5656984785615491 0.13554633471645913 0.06085753803596127
2 0.4937759336099585 0.22614107883817425 0.2627939142461964 0.10373443983402492
