1 0.4840940525587829 0.5947441217150761 0.6943291839557401 0.7496542185338865
5 0.4066390041493776 0.5228215767634855 0.1770401106500692 0.07192254495159062
10 0.6763485477178424 0.5103734439834026 0.1521438450899032 0.06362378976486859
8 0.5504840940525588 0.5912863070539419 0.13831258644536654 0.23928077455048416
7 0.5449515905947441 0.8035961272475796 0.20470262793914246 0.0829875518672199
4 0.1867219917012448 0.607192254495159 0.09958506224066387 0.21023513139695715
9 0.798063623789765 0.5726141078838174 0.06362378976486852 0.17704011065006908
6 0.39626556016597503 0.4405255878284923 0.21715076071922546 0.06224066390041493
11 0.6804979253112035 0.4308437067773167 0.17427385892116193 0.05117565698478565
3 0.5027662517289073 0.8464730290456431 0.5103734439834026 0.24066390041493776
0 0.5428769017980636 0.9087136929460581 0.19778699861687415 0.12171507607192254
2 0.5311203319502075 0.3153526970954357 0.39834024896265563 0.18257261410788378
