1 0.40387275242047027 0.5463347164591977 0.6556016597510372 0.7385892116182572
5 0.36376210235131395 0.4757952973720609 0.1521438450899032 0.0857538035961273
10 0.6369294605809128 0.47302904564315357 0.13969571230982025 0.08022130013831251
8 0.5076071922544952 0.5463347164591977 0.16044260027662524 0.22959889349930834
7 0.5013831258644537 0.7586445366528355 0.2226832641770401 0.08160442600276624
4 0.1272475795297372 0.5325034578146611 0.0912863070539419 0.19087136929460577
6 0.3672199170124481 0.40525587828492393 0.19502074688796678 0.05532503457814663
11 0.6459197786998616 0.3997233748271093 0.14661134163208855 0.05255878284923923
3 0.4453665283540802 0.7939142461964039 0.5145228215767633 0.23789764868603044
0 0.49239280774550487 0.8533886583679114 0.17980636237897657 0.10511756569847862
2 0.4764868603042878 0.2773167358229599 0.4605809128630706 0.19502074688796683
