1 0.5276625172890733 0.38727524204702635 0.3250345781466113 0.35408022130013833
5 0.45850622406639 0.338865836791148 0.08437067773167356 0.03872752420470267
10 0.5968188105117566 0.34024896265560167 0.08437067773167349 0.03872752420470263
8 0.5214384508990318 0.3845089903181189 0.0691562932226833 0.11894882434301522
7 0.5235131396957123 0.4854771784232365 0.12309820193637627 0.04426002766251727
4 0.3755186721991701 0.3789764868603043 0.020746887966805048 0.05255878284923923
9 0.6715076071922544 0.35684647302904565 0.04011065006915629 0.12171507607192254
6 0.4529737206085754 0.30497925311203317 0.09820193637621025 0.03457814661134165
11 0.5961272475795297 0.3084370677731674 0.09958506224066391 0.030428769017980598
3 0.5138312586445367 0.5006915629322268 0.2586445366528353 0.11894882434301522
0 0.5200553250345782 0.5297372060857538 0.10511756569847855 0.05255878284923931
2 0.5200553250345782 0.25242047026279396 0.2627939142461963 0.07883817427385896
