1 0.4937759336099585 0.4170124481327801 0.4094052558782848 0.43845089903181184
5 0.4343015214384509 0.3630705394190872 0.0968188105117565 0.04564315352697101
10 0.5899031811894883 0.37136929460580914 0.09266943291839552 0.04564315352697101
8 0.5145228215767635 0.4107883817427386 0.09405255878284927 0.1466113416320885
7 0.5089903181189488 0.5359612724757953 0.1327800829875518 0.05670816044260029
4 0.3188105117565698 0.4128630705394191 0.056708160442600214 0.1396957123098202
9 0.6728907330567081 0.42946058091286304 0.04564315352697093 0.13692946058091288
6 0.4239280774550484 0.31742738589211617 0.1230982019363762 0.04011065006915629
11 0.6009681881051175 0.32641770401106496 0.11203319502074685 0.038727524204702594
3 0.4972337482710927 0.5615491009681881 0.30567081604426 0.15214384508990314
0 0.5096818810511756 0.5995850622406639 0.11203319502074685 0.07607192254495153
2 0.5076071922544952 0.24896265560165975 0.3291839557399724 0.09958506224066391
