1 0.48824343015214383 0.4744121715076071 0.7302904564315352 0.8934993084370677
5 0.3029045643153527 0.39903181189488246 0.18533886583679116 0.07053941908713696
10 0.627939142461964 0.3845089903181189 0.17150760719225452 0.08852005532503454
8 0.4716459197786999 0.47925311203319493 0.16044260027662516 0.25864453665283543
7 0.487551867219917 0.7344398340248962 0.2752420470262794 0.13554633471645927
4 0.16182572614107882 0.5131396957123099 0.0719225449515906 0.22130013831258644
9 0.8132780082987552 0.462655601659751 0.06639004149377584 0.2531120331950208
6 0.29806362378976486 0.3084370677731674 0.21161825726141076 0.06915629322268323
11 0.615491009681881 0.28492392807745504 0.2157676348547718 0.08022130013831258
3 0.48962655601659755 0.7731673582295988 0.5781466113416321 0.28215767634854777
0 0.48824343015214383 0.8589211618257261 0.24896265560165978 0.11894882434301522
2 0.4391424619640387 0.13900414937759337 0.5712309820193637 0.21438450899031813
