1 0.47925311203319493 0.4868603042876902 0.4965421853388658 0.5615491009681882
5 0.38035961272475793 0.4522821576763485 0.10788381742738594 0.05532503457814663
10 0.5892116182572614 0.44744121715076074 0.12171507607192247 0.05947441217150761
8 0.47994467496542187 0.504149377593361 0.1023513139695713 0.16459197786998622
7 0.4827109266943292 0.6535269709543569 0.16044260027662516 0.06777316735822957
4 0.26556016597510373 0.45919778699861685 0.06362378976486863 0.16320885200553248
9 0.6964038727524203 0.462655601659751 0.05670816044260036 0.16459197786998614
6 0.3720608575380359 0.392807745504841 0.14384508990318118 0.05255878284923931
11 0.5905947441217151 0.3934993084370678 0.1383125864453664 0.04287690179806361
3 0.4827109266943292 0.681881051175657 0.33748271092669424 0.16320885200553248
0 0.4847856154910097 0.7268326417704012 0.1590594744121715 0.0760719225449516
2 0.47786998616874127 0.2946058091286307 0.29737206085753803 0.1383125864453665
