1 0.42600276625172895 0.39211618257261405 0.5560165975103735 0.640387275242047
5 0.2697095435684647 0.32434301521438447 0.13554633471645922 0.05394190871369289
10 0.5082987551867221 0.31742738589211617 0.14799446749654221 0.05947441217150761
8 0.38727524204702635 0.39004149377593367 0.11618257261410797 0.1825726141078838
7 0.3934993084370677 0.5629322268326418 0.19502074688796675 0.08575380359612715
4 0.17634854771784234 0.41908713692946054 0.04840940525587829 0.17150760719225452
9 0.6742738589211618 0.4218533886583679 0.05394190871369289 0.13554633471645913
6 0.25933609958506226 0.2648686030428769 0.1452282157676348 0.04840940525587833
11 0.5076071922544952 0.2551867219917013 0.18533886583679113 0.059474412171507576
3 0.4197786998616874 0.6065006915629323 0.4412171507607192 0.20055325034578153
0 0.392807745504841 0.6583679114799446 0.1964038727524204 0.09958506224066398
2 0.3817427385892117 0.15145228215767637 0.3485477178423237 0.14246196403872755
