1 0.5 0.5221300138312587 0.6099585062240663 0.632088520055325
5 0.3907330567081604 0.44190871369294604 0.1258644536652836 0.03457814661134165
10 0.6224066390041494 0.43015214384508993 0.12171507607192254 0.04979253112033199
8 0.5062240663900415 0.5255878284923928 0.13554633471645913 0.17427385892116184
7 0.5110650069156293 0.6957123098201936 0.1977869986168742 0.08298755186722005
4 0.23582295988934995 0.44190871369294604 0.0760719225449516 0.19502074688796683
9 0.7704011065006915 0.4246196403872753 0.06362378976486852 0.19363762102351323
6 0.38105117565698476 0.40110650069156295 0.18118948824343006 0.03872752420470263
11 0.6300138312586445 0.3817427385892116 0.16735822959889354 0.05255878284923923
3 0.5110650069156293 0.7275242047026279 0.44121715076071916 0.21853388658367912
0 0.5096818810511756 0.7869986168741356 0.19502074688796683 0.09958506224066382
2 0.49100968188105115 0.28492392807745504 0.37621023513139695 0.1549100968188105
