1 0.5055325034578146 0.3907330567081604 0.4190871369294606 0.4716459197786998
5 0.43291839557399725 0.34647302904564314 0.0968188105117565 0.04011065006915629
10 0.5919778699861687 0.34993084370677735 0.10235131396957123 0.04426002766251735
8 0.5096818810511756 0.39419087136929454 0.0926694329183956 0.16044260027662513
7 0.5145228215767635 0.5380359612724758 0.1521438450899032 0.04979253112033199
4 0.3340248962655602 0.4087136929460581 0.07053941908713696 0.1258644536652835
9 0.6957123098201936 0.39903181189488235 0.04426002766251727 0.12863070539419091
6 0.41839557399723376 0.30221300138312585 0.09820193637621016 0.03734439834024897
11 0.6099585062240663 0.2987551867219917 0.08852005532503454 0.038727524204702594
3 0.5152143845089904 0.5511756569847855 0.313969571230982 0.14799446749654216
0 0.5152143845089904 0.5899031811894883 0.12863070539419091 0.06224066390041493
2 0.5055325034578146 0.21507607192254496 0.31396957123098196 0.13692946058091285
