1 0.5152143845089903 0.4349930843706777 0.573997233748271 0.5850622406639004
5 0.39903181189488246 0.38796680497925307 0.11756569847856156 0.04840940525587825
10 0.6196403872752421 0.39211618257261405 0.11894882434301522 0.05117565698478565
8 0.5013831258644537 0.45435684647302904 0.11203319502074685 0.18672199170124487
7 0.49861687413554634 0.6182572614107884 0.15905947441217158 0.08022130013831244
4 0.27800829875518673 0.42600276625172895 0.09681881051175655 0.1908713692946059
9 0.7427385892116183 0.4405255878284924 0.11341632088520058 0.18118948824343023
6 0.3886583679114799 0.33333333333333326 0.14661134163208853 0.035961272475795274
11 0.6293222683264177 0.34232365145228216 0.13554633471645913 0.04287690179806361
3 0.5069156293222683 0.6355463347164592 0.36376210235131395 0.17565698478561542
0 0.4993084370677731 0.685338865836791 0.15491009681881046 0.07330567081604428
2 0.49792531120331945 0.22890733056708157 0.4066390041493775 0.17565698478561548
