1 0.47717842323651455 0.45020746887966806 0.5006915629322267 0.6652835408022131
5 0.37067773167358226 0.42254495159059474 0.13554633471645922 0.07330567081604421
10 0.5995850622406639 0.42531120331950206 0.13416320885200542 0.07883817427385885
8 0.48478561549100974 0.48755186721991706 0.13139695712309823 0.1894882434301522
7 0.47994467496542187 0.6618257261410788 0.2019363762102352 0.08990318118948828
4 0.2531120331950208 0.4218533886583679 0.04702627939142463 0.16874135546334712
9 0.7033195020746887 0.44052558782849244 0.03734439834024897 0.16735822959889354
6 0.3582295988934993 0.35684647302904565 0.14661134163208855 0.0553250345781467
11 0.6065006915629323 0.3547717842323651 0.14246196403872752 0.04840940525587833
3 0.47717842323651455 0.6811894882434302 0.4066390041493776 0.2033195020746888
0 0.4806362378976487 0.7434301521438451 0.18948824343015203 0.0760719225449516
2 0.4827109266943292 0.22544951590594742 0.43983402489626544 0.20746887966804978
