1 0.5089903181189489 0.4813278008298756 0.5836791147994468 0.6943291839557401
5 0.3686030428769018 0.43291839557399725 0.14799446749654216 0.06362378976486859
10 0.6466113416320886 0.433609958506224 0.1590594744121715 0.06500691562932225
8 0.504149377593361 0.5110650069156293 0.13416320885200547 0.1867219917012448
7 0.5006915629322268 0.6825726141078837 0.19917012448132781 0.08437067773167356
4 0.23167358229598892 0.5608575380359614 0.023513139695712296 0.07607192254495153
9 0.7800829875518673 0.5733056708160443 0.03596127247579531 0.06224066390041493
6 0.3630705394190871 0.37136929460580914 0.20055325034578142 0.05394190871369297
11 0.6438450899031812 0.3734439834024896 0.1950207468879669 0.0663900414937759
3 0.5020746887966806 0.7233748271092669 0.49792531120331956 0.2074688796680497
0 0.5048409405255878 0.7759336099585061 0.20746887966804978 0.10235131396957114
2 0.48616874135546334 0.23789764868603044 0.4024896265560166 0.1964038727524205
