1 0.47925311203319504 0.4336099585062241 0.5712309820193637 0.640387275242047
5 0.38035961272475793 0.38105117565698476 0.12448132780082989 0.05394190871369289
10 0.5885200553250346 0.37482710926694324 0.1313969571230981 0.05809128630705395
8 0.483402489626556 0.4495159059474412 0.1092669432918396 0.17704011065006917
7 0.483402489626556 0.6217150760719226 0.1867219917012447 0.08437067773167342
11 0.23858921161825739 0.41977869986168725 0.08713692946058077 0.18948824343015203
9 0.7199170124481327 0.4211618257261411 0.08437067773167356 0.18948824343015225
6 0.36376210235131395 0.31673582295988933 0.17427385892116184 0.05255878284923923
11 0.5933609958506224 0.3132780082987552 0.17150760719225452 0.04840940525587825
3 0.47717842323651444 0.6438450899031812 0.3872752420470262 0.21991701244813278
0 0.4806362378976487 0.7053941908713693 0.16182572614107882 0.09128630705394201
2 0.46403872752420466 0.2012448132780083 0.44398340248962653 0.17012448132780078
