1 0.5899031811894883 0.3886583679114799 0.46058091286307046 0.5338865836791148
5 0.5 0.33333333333333326 0.09543568464730293 0.035961272475795274
10 0.6652835408022131 0.32365145228215764 0.09405255878284927 0.024896265560165994
8 0.5802213001383126 0.3858921161825726 0.09266943291839552 0.14107883817427389
7 0.5899031811894883 0.5214384508990318 0.14799446749654202 0.05809128630705395
4 0.3955739972337483 0.359612724757953 0.055325034578146554 0.13554633471645913
9 0.7828492392807747 0.3478561549100968 0.06362378976486852 0.14522821576763484
6 0.4910096818810512 0.30497925311203317 0.1161825726141079 0.02627939142461958
11 0.6611341632088519 0.2987551867219917 0.14107883817427377 0.024896265560165994
3 0.6016597510373444 0.5560165975103735 0.3568464730290457 0.19087136929460577
0 0.5919778699861687 0.5940525587828492 0.1936376210235131 0.11203319502074685
2 0.5726141078838175 0.20470262793914246 0.34578146611341637 0.15491009681881052
