1 0.49861687413554634 0.5152143845089903 0.598893499308437 0.7372060857538035
5 0.3651452282157676 0.43568464730290457 0.16597510373443988 0.06915629322268323
10 0.6410788381742739 0.4315352697095436 0.16459197786998614 0.0663900414937759
8 0.5034578146611342 0.5304287690179806 0.1327800829875518 0.21161825726141076
7 0.4972337482710927 0.7330567081604425 0.2171507607192254 0.09681881051175666
4 0.2275242047026279 0.5373443983402489 0.04840940525587829 0.1258644536652836
9 0.769017980636238 0.5401106500691563 0.05255878284923923 0.1230982019363762
6 0.36376210235131395 0.3775933609958506 0.17704011065006917 0.04702627939142459
11 0.6500691562932226 0.3686030428769018 0.17980636237897657 0.05394190871369297
3 0.4965421853388659 0.7655601659751037 0.48132780082987564 0.22821576763485482
0 0.49861687413554634 0.8319502074688796 0.21161825726141076 0.1037344398340248
2 0.4903181189488244 0.24896265560165973 0.4412171507607192 0.19363762102351312
