1 0.5013831258644537 0.49999999999999994 0.8312586445366529 0.8782849239280773
5 0.33333333333333326 0.44398340248962653 0.1908713692946058 0.07468879668049794
10 0.6721991701244814 0.4426002766251729 0.18533886583679104 0.07192254495159062
8 0.49100968188105115 0.5594744121715075 0.14937759336099582 0.2641770401106501
7 0.48962655601659755 0.7786998616874135 0.24066390041493776 0.09405255878284918
4 0.13485477178423236 0.41632088520055327 0.09266943291839556 0.251728907330567
9 0.8623789764868603 0.41908713692946065 0.1092669432918396 0.2600276625172891
6 0.3084370677731674 0.3769017980636238 0.22683264177040108 0.05117565698478565
11 0.6804979253112033 0.37759336099585056 0.22959889349930848 0.05255878284923931
3 0.48755186721991706 0.8208852005532503 0.5435684647302904 0.23651452282157678
0 0.4827109266943292 0.8803596127247579 0.20746887966804983 0.10650069156293228
2 0.48201936376210236 0.2123098201936376 0.6348547717842323 0.27247579529737204
