1 0.5006915629322268 0.44329183955739976 0.5200553250345782 0.5961272475795297
5 0.37206085753803597 0.3824343015214384 0.12448132780082989 0.04287690179806361
10 0.5843706777316736 0.3699861687413555 0.13416320885200542 0.04564315352697101
8 0.4834024896265561 0.43568464730290457 0.12863070539419091 0.17427385892116193
7 0.49239280774550487 0.6058091286307054 0.17427385892116193 0.08022130013831258
4 0.2690179806362379 0.44813278008298757 0.05394190871369297 0.15767634854771784
9 0.7330567081604425 0.41839557399723376 0.05255878284923923 0.16182572614107882
6 0.3665283540802213 0.33471645919778703 0.16597510373443988 0.04149377593360999
11 0.5871369294605809 0.3201936376210235 0.2033195020746888 0.04840940525587825
3 0.5013831258644537 0.6348547717842323 0.41632088520055327 0.21023513139695715
0 0.49377593360995853 0.6881051175656985 0.17704011065006925 0.09820193637621039
2 0.47510373443983395 0.21853388658367912 0.43291839557399714 0.14937759336099588
