1 0.4972337482710927 0.5456431535269709 0.5656984785615492 0.6431535269709543
5 0.38035961272475793 0.5020746887966805 0.1438450899031812 0.07745504840940526
10 0.6300138312586445 0.49861687413554634 0.1369294605809128 0.0760719225449516
8 0.5006915629322268 0.5767634854771785 0.11341632088520058 0.19363762102351317
7 0.5020746887966806 0.7468879668049793 0.1687413554633472 0.0691562932226833
4 0.24688796680497926 0.5138312586445366 0.05670816044260029 0.1756569847856155
9 0.7482710926694329 0.5159059474412172 0.05809128630705402 0.1798063623789765
6 0.37344398340248963 0.43775933609958506 0.16320885200553248 0.04564315352697093
11 0.6334716459197787 0.4391424619640387 0.15767634854771784 0.03734439834024897
3 0.49792531120331945 0.7717842323651454 0.4066390041493775 0.18810511756569853
0 0.5006915629322269 0.826417704011065 0.1687413554633472 0.07883817427385892
2 0.47994467496542187 0.33056708160442594 0.4094052558782849 0.17427385892116184
