1 0.5110650069156293 0.5193637621023512 0.5269709543568469 0.5795297372060859
5 0.40387275242047027 0.4522821576763485 0.13831258644536654 0.05532503457814663
10 0.6224066390041494 0.45712309820193636 0.14107883817427377 0.05670816044260029
8 0.5110650069156293 0.5186721991701245 0.11756569847856149 0.1853388658367912
7 0.5186721991701245 0.681881051175657 0.18810511756569853 0.06362378976486865
4 0.2800829875518672 0.4508990318118949 0.05947441217150761 0.16044260027662516
9 0.7427385892116183 0.44329183955739976 0.05255878284923938 0.15352697095435694
6 0.3865836791147994 0.4017980636237898 0.15629322268326415 0.04840940525587825
11 0.627939142461964 0.39834024896265563 0.16320885200553256 0.04702627939142459
3 0.5159059474412172 0.7067773167358229 0.3817427385892117 0.1964038727524205
0 0.5159059474412172 0.760027662517289 0.17427385892116184 0.0899031811894882
2 0.4979253112033195 0.29806362378976486 0.43983402489626555 0.1507607192254495
