1 0.49792531120331945 0.3789764868603043 0.5283540802213001 0.5892116182572614
5 0.39626556016597514 0.3506224066390041 0.11203319502074692 0.05670816044260029
10 0.6182572614107884 0.3665283540802213 0.10788381742738594 0.04979253112033199
8 0.49239280774550487 0.4156293222683264 0.1161825726141079 0.19502074688796678
7 0.48755186721991706 0.5753803596127248 0.13692946058091288 0.07468879668049794
4 0.2641770401106501 0.33540802213001386 0.060857538035961306 0.15352697095435677
9 0.7282157676348546 0.37136929460580914 0.05947441217150768 0.14522821576763484
6 0.40110650069156295 0.29114799446749656 0.1327800829875519 0.056708160442600214
11 0.6154910096818811 0.2994467496542185 0.12171507607192254 0.040110650069156255
3 0.49308437067773153 0.5912863070539419 0.3554633471645918 0.16459197786998622
0 0.4910096818810512 0.6369294605809128 0.11894882434301522 0.062240663900414855
2 0.49170124481327804 0.17634854771784234 0.3775933609958506 0.17012448132780086
