1 0.5027662517289073 0.49446749654218536 0.4937759336099586 0.5297372060857538
5 0.400414937759336 0.4488243430152144 0.13139695712309823 0.05670816044260029
10 0.6009681881051175 0.4488243430152144 0.11203319502074685 0.05947441217150761
8 0.5006915629322269 0.5145228215767635 0.09405255878284927 0.15491009681881052
7 0.5006915629322267 0.6556016597510372 0.15214384508990314 0.05809128630705395
4 0.2876901798063624 0.4446749654218534 0.058091286307053874 0.1452282157676349
9 0.7157676348547719 0.4426002766251729 0.06500691562932231 0.17427385892116184
6 0.39419087136929465 0.3997233748271093 0.13554633471645922 0.04149377593360995
11 0.6106500691562933 0.39903181189488246 0.13692946058091288 0.05117565698478557
3 0.5013831258644535 0.6763485477178424 0.33333333333333326 0.1659751037344398
0 0.49792531120331945 0.72268326417704 0.14384508990318118 0.07053941908713696
2 0.4944674965421852 0.30497925311203317 0.3526970954356845 0.14522821576763487
