1 0.49654218533886585 0.45020746887966806 0.43983402489626555 0.5352697095435685
5 0.41147994467496546 0.41839557399723376 0.10373443983402489 0.05117565698478557
10 0.5968188105117566 0.41839557399723376 0.10373443983402489 0.05394190871369297
8 0.495850622406639 0.4854771784232365 0.09543568464730284 0.14107883817427386
7 0.49861687413554634 0.6189488243430152 0.15629322268326412 0.06500691562932218
4 0.3008298755186722 0.41147994467496546 0.04840940525587825 0.13416320885200556
9 0.6915629322268326 0.4142461964038728 0.04979253112033206 0.14799446749654216
6 0.3976486860304287 0.37828492392807744 0.1258644536652836 0.03181189488243433
11 0.6078838174273858 0.37621023513139695 0.12033195020746873 0.03042876901798067
3 0.4993084370677731 0.6390041493775933 0.309820193637621 0.14937759336099588
0 0.4972337482710927 0.686030428769018 0.1618257261410789 0.06639004149377598
2 0.508298755186722 0.2821576763485477 0.3195020746887966 0.16320885200553248
