1 0.5138312586445367 0.5912863070539419 0.6929460580912864 0.7289073305670816
5 0.36791147994467494 0.4695712309820193 0.15214384508990314 0.05117565698478565
10 0.6251728907330567 0.47717842323651455 0.15491009681881038 0.055325034578146554
8 0.5 0.5484094052558782 0.1535269709543568 0.21161825726141076
7 0.5020746887966805 0.7510373443983402 0.251728907330567 0.09958506224066398
4 0.21161825726141076 0.5760719225449517 0.08852005532503458 0.22821576763485474
9 0.8132780082987552 0.5878284923928077 0.09128630705394172 0.22406639004149376
6 0.359612724757953 0.4107883817427386 0.19917012448132776 0.05809128630705395
11 0.6376210235131397 0.417704011065007 0.21300138312586447 0.0663900414937759
3 0.5062240663900416 0.8049792531120332 0.5283540802213003 0.29875518672199175
0 0.5062240663900415 0.87551867219917 0.251728907330567 0.15491009681881038
2 0.504149377593361 0.3022130013831259 0.4993084370677732 0.16735822959889354
