1 0.5062240663900416 0.5138312586445367 0.5864453665283541 0.7123098201936376
5 0.3658367911479945 0.4474412171507607 0.1535269709543568 0.06777316735822964
10 0.6417704011065006 0.4481327800829875 0.16320885200553248 0.07468879668049794
8 0.5013831258644537 0.5345781466113416 0.14799446749654216 0.22544951590594742
7 0.49861687413554634 0.7268326417704012 0.2226832641770401 0.09266943291839567
6 0.3603042876901798 0.3858921161825727 0.20331950207468874 0.05809128630705395
11 0.6493775933609959 0.38727524204702635 0.2088520055325035 0.05809128630705395
3 0.5062240663900416 0.7572614107883817 0.5283540802213003 0.2254495159059475
0 0.5048409405255878 0.8201936376210236 0.1964038727524205 0.09958506224066382
2 0.48824343015214383 0.2579529737206086 0.5338865836791148 0.20055325034578148
