1 0.5069156293222683 0.4508990318118949 0.4522821576763485 0.5062240663900416
5 0.4211618257261411 0.37828492392807744 0.1037344398340248 0.05117565698478557
10 0.6058091286307054 0.38312586445366525 0.09958506224066382 0.05255878284923923
8 0.508298755186722 0.4343015214384509 0.10096818810511757 0.15767634854771778
7 0.5089903181189488 0.5760719225449517 0.1327800829875518 0.08713692946058088
4 0.30567081604426 0.4273858921161826 0.04702627939142459 0.14384508990318118
9 0.7019363762102351 0.4391424619640387 0.056708160442600214 0.13416320885200547
6 0.40871369294605814 0.3271092669432918 0.1396957123098202 0.037344398340248934
11 0.6113416320885201 0.3278008298755186 0.12724757952973717 0.038727524204702594
3 0.49999999999999994 0.6106500691562933 0.3360995850622406 0.18395573997233733
0 0.5076071922544951 0.6611341632088519 0.12724757952973717 0.08298755186721983
2 0.49861687413554634 0.2558782849239281 0.32503457814661124 0.11894882434301518
