1 0.49377593360995853 0.47510373443983395 0.5062240663900416 0.5076071922544951
5 0.4017980636237898 0.4426002766251729 0.12033195020746888 0.04426002766251727
10 0.5961272475795297 0.43983402489626555 0.10788381742738587 0.03872752420470263
8 0.4993084370677732 0.48824343015214383 0.09958506224066391 0.15491009681881052
7 0.5 0.6293222683264177 0.1535269709543568 0.06915629322268316
4 0.2814661134163209 0.5103734439834026 0.07883817427385892 0.14937759336099588
9 0.7074688796680497 0.5117565698478562 0.07607192254495175 0.15491009681881052
6 0.3976486860304287 0.3893499308437067 0.15076071922544948 0.0373443983402489
11 0.5912863070539419 0.38312586445366525 0.1452282157676347 0.04149377593360995
3 0.49585062240663896 0.6542185338865838 0.3499308437067772 0.14661134163208842
0 0.5 0.6970954356846473 0.14799446749654216 0.06362378976486865
2 0.4806362378976486 0.2946058091286307 0.3084370677731673 0.14107883817427383
