1 0.5020746887966806 0.4889349930843707 0.5698478561549102 0.7621023513139695
5 0.35892116182572614 0.4315352697095436 0.15076071922544954 0.07745504840940519
10 0.6396957123098201 0.43015214384508993 0.1590594744121715 0.07468879668049787
8 0.5006915629322268 0.4979253112033195 0.14107883817427377 0.24343015214384509
7 0.5055325034578146 0.7171507607192253 0.20055325034578148 0.09820193637621046
6 0.34232365145228216 0.34647302904564314 0.17842323651452285 0.05117565698478565
11 0.6562932226832642 0.3457814661134163 0.18395573997233755 0.058091286307053985
3 0.5089903181189489 0.7489626556016598 0.5062240663900416 0.23928077455048416
0 0.5013831258644537 0.8195020746887969 0.18395573997233755 0.10096818810511748
2 0.4930843706777317 0.21645919778699863 0.5020746887966806 0.2143845089903181
