1 0.5062240663900415 0.3623789764868603 0.45366528354080216 0.5255878284923928
5 0.3775933609958506 0.3118948824343015 0.11065006915629326 0.05394190871369297
10 0.5656984785615491 0.3118948824343015 0.10511756569847862 0.05947441217150761
8 0.4654218533886583 0.3603042876901798 0.09266943291839552 0.16735822959889346
7 0.4654218533886583 0.5034578146611342 0.15629322268326412 0.07192254495159062
4 0.2946058091286307 0.3775933609958506 0.027662517289073315 0.14937759336099588
9 0.6984785615491009 0.38727524204702624 0.06085753803596134 0.1438450899031812
6 0.37136929460580914 0.25311203319502074 0.11756569847856159 0.03872752420470263
11 0.5774550484094053 0.2475795297372061 0.13692946058091288 0.03872752420470263
3 0.4854771784232365 0.5387275242047026 0.3596127247579528 0.16735822959889346
0 0.46611341632088527 0.58298755186722 0.15491009681881046 0.07883817427385892
2 0.4674965421853388 0.1680497925311203 0.318118948824343 0.1313969571230982
