1 0.5020746887966806 0.3914246196403872 0.5117565698478562 0.5283540802213001
5 0.3948824343015215 0.3381742738589212 0.11756569847856156 0.051175656984785614
10 0.6058091286307054 0.3319502074688797 0.11341632088520043 0.052558782849239274
8 0.49930843706777317 0.3845089903181189 0.11065006915629326 0.16874135546334712
7 0.5020746887966806 0.5345781466113416 0.15214384508990328 0.07053941908713689
4 0.2821576763485477 0.3817427385892116 0.06915629322268323 0.16320885200553248
9 0.7164591977869986 0.3845089903181189 0.07745504840940526 0.1659751037344398
6 0.38796680497925307 0.27869986168741356 0.14522821576763487 0.040110650069156255
11 0.6099585062240663 0.2745504840940526 0.13831258644536654 0.03181189488243429
3 0.4972337482710927 0.5663900414937759 0.3582295988934993 0.1728907330567081
0 0.5034578146611343 0.6127247579529737 0.15767634854771792 0.0829875518672199
2 0.49585062240663896 0.19363762102351312 0.3278008298755186 0.12724757952973717
