1 0.5242047026279392 0.3755186721991701 0.41493775933609955 0.5518672199170124
5 0.4142461964038728 0.322268326417704 0.12309820193637613 0.05255878284923923
10 0.623789764868603 0.313969571230982 0.10788381742738594 0.05255878284923931
8 0.5172890733056709 0.36791147994467494 0.10511756569847855 0.18533886583679113
7 0.5235131396957123 0.5325034578146611 0.1396957123098202 0.07468879668049787
4 0.3319502074688796 0.3955739972337483 0.024896265560165994 0.0829875518672199
9 0.710926694329184 0.3692946058091286 0.04426002766251727 0.14384508990318118
6 0.40318118948824333 0.2538035961272476 0.13692946058091288 0.04564315352697097
11 0.627939142461964 0.24412171507607192 0.1300138312586445 0.04840940525587829
3 0.5152143845089903 0.5594744121715075 0.34716459197787 0.17289073305670818
0 0.5159059474412172 0.6078838174273858 0.12724757952973725 0.07883817427385892
2 0.5124481327800829 0.1590594744121715 0.34716459197787 0.1161825726141079
