1 0.5159059474412172 0.4778699861687414 0.7275242047026279 0.8699861687413555
5 0.34024896265560167 0.41770401106500693 0.16597510373443985 0.07745504840940526
10 0.6680497925311204 0.4073305670816045 0.1798063623789764 0.07330567081604421
8 0.5020746887966806 0.5034578146611342 0.16044260027662524 0.25449515905947434
7 0.5124481327800829 0.7358229598893499 0.24757952973720598 0.08575380359612737
4 0.19017980636237897 0.4709543568464731 0.07053941908713694 0.23651452282157678
9 0.8388658367911481 0.4605809128630706 0.08437067773167356 0.24896265560165978
6 0.3257261410788381 0.3360995850622407 0.18672199170124482 0.049792531120331954
11 0.6763485477178424 0.3291839557399723 0.21576763485477188 0.06085753803596127
3 0.5165975103734439 0.780774550484094 0.5601659751037344 0.25311203319502085
0 0.5117565698478562 0.8450899031811895 0.24066390041493768 0.1300138312586445
2 0.49861687413554634 0.1825726141078838 0.5131396957123099 0.23236514522821575
