1 0.508298755186722 0.40802213001383125 0.44398340248962653 0.49515905947441213
5 0.4218533886583679 0.35477178423236516 0.0968188105117565 0.05670816044260036
10 0.6182572614107883 0.35338865836791145 0.10235131396957114 0.04840940525587833
8 0.5193637621023512 0.4094052558782849 0.10926694329183953 0.15491009681881052
7 0.5131396957123099 0.5518672199170125 0.16044260027662516 0.08298755186721998
4 0.3132780082987552 0.37413554633471646 0.04840940525587825 0.15352697095435686
9 0.7116182572614107 0.3665283540802213 0.02904564315352701 0.13001383125864457
6 0.4163208852005532 0.2994467496542185 0.11894882434301515 0.040110650069156255
11 0.6175656984785616 0.30705394190871366 0.11479944674965424 0.04149377593360995
3 0.5131396957123099 0.573997233748271 0.3319502074688797 0.15767634854771778
0 0.5152143845089904 0.6224066390041494 0.16182572614107882 0.058091286307053874
2 0.5117565698478562 0.21784232365145229 0.2710926694329184 0.11479944674965424
