1 0.4674965421853389 0.43222683264177036 0.4343015214384509 0.5767634854771785
5 0.39419087136929465 0.3775933609958506 0.10511756569847862 0.04702627939142459
10 0.5919778699861687 0.37067773167358226 0.11065006915629319 0.04702627939142467
8 0.4930843706777317 0.4363762102351314 0.10650069156293221 0.18395573997233755
7 0.49515905947441213 0.5961272475795297 0.1604426002766251 0.0663900414937759
4 0.27385892116182575 0.44813278008298757 0.049792531120331954 0.1521438450899032
6 0.3858921161825726 0.3132780082987552 0.1438450899031812 0.04840940525587825
11 0.5912863070539419 0.31466113416320884 0.13416320885200542 0.04564315352697093
3 0.48755186721991706 0.6307053941908713 0.3775933609958506 0.17150760719225452
0 0.495850622406639 0.673582295988935 0.14799446749654216 0.08852005532503462
2 0.4716459197786999 0.21922544951590595 0.34024896265560167 0.14246196403872755
