1 0.5076071922544952 0.49100968188105115 0.5366528354080222 0.5145228215767635
5 0.384508990318119 0.4481327800829875 0.12448132780082993 0.04979253112033191
10 0.5982019363762102 0.4453665283540802 0.12309820193637613 0.04979253112033191
8 0.48824343015214383 0.5152143845089904 0.11341632088520051 0.16459197786998614
7 0.49515905947441213 0.6556016597510372 0.1466113416320885 0.06362378976486859
4 0.2676348547717842 0.42461964038727523 0.062240663900414966 0.17427385892116176
9 0.7344398340248963 0.41562932226832644 0.07745504840940541 0.18395573997233747
6 0.3665283540802213 0.3955739972337483 0.1327800829875519 0.04979253112033191
11 0.5995850622406639 0.39834024896265563 0.13969571230982006 0.04702627939142459
3 0.4972337482710926 0.6770401106500691 0.3278008298755186 0.13692946058091293
0 0.49515905947441213 0.7199170124481327 0.14384508990318118 0.05947441217150768
2 0.47994467496542187 0.30428769017980634 0.31811894882434294 0.13554633471645924
