1 0.48824343015214383 0.4024896265560166 0.4564315352697095 0.6251728907330567
5 0.3865836791147994 0.35477178423236516 0.12863070539419091 0.07607192254495164
10 0.6078838174273858 0.3582295988934993 0.12586445366528345 0.06362378976486865
8 0.5013831258644537 0.4107883817427386 0.11479944674965424 0.19640387275242044
7 0.5013831258644537 0.5816044260027663 0.1784232365145229 0.09543568464730284
4 0.2876901798063624 0.4177040110650069 0.04979253112033191 0.1687413554633472
9 0.6970954356846474 0.42461964038727523 0.03872752420470263 0.16874135546334712
6 0.3789764868603043 0.28423236514522826 0.14937759336099588 0.05117565698478557
11 0.6099585062240663 0.2773167358229599 0.1466113416320885 0.053941908713692935
3 0.49170124481327787 0.6120331950207469 0.35822959889349915 0.20331950207468885
0 0.49861687413554634 0.6708160442600277 0.15629322268326412 0.08298755186721998
2 0.4834024896265559 0.17634854771784234 0.3748271092669432 0.16182572614107882
