1 0.5 0.41839557399723376 0.41078838174273863 0.40802213001383125
5 0.4197786998616874 0.38312586445366525 0.09543568464730284 0.03872752420470263
10 0.5774550484094053 0.37344398340248963 0.09266943291839552 0.03596127247579531
8 0.5 0.4239280774550484 0.08437067773167356 0.13139695712309815
7 0.5027662517289073 0.5380359612724758 0.1230982019363762 0.04979253112033199
4 0.3291839557399723 0.4273858921161826 0.06362378976486859 0.11341632088520051
9 0.677731673582296 0.41217150760719223 0.05255878284923938 0.13554633471645922
6 0.41009681881051174 0.3437067773167358 0.11756569847856156 0.03457814661134165
11 0.5822959889349931 0.33056708160442605 0.12171507607192247 0.04702627939142463
3 0.5055325034578146 0.5546334716459198 0.31120331950207464 0.13001383125864457
0 0.5062240663900416 0.5905947441217151 0.11894882434301515 0.05809128630705395
2 0.49308437067773164 0.26141078838174275 0.33056708160442594 0.10788381742738587
