1 0.5076071922544952 0.31950207468879666 0.39834024896265563 0.47026279391424625
5 0.43015214384508993 0.2918395573997234 0.09405255878284918 0.04149377593360995
10 0.5975103734439834 0.28630705394190875 0.10235131396957123 0.04979253112033191
8 0.5159059474412172 0.3312586445366529 0.0857538035961273 0.13969571230982017
7 0.5179806362378977 0.45435684647302904 0.13139695712309823 0.06224066390041493
4 0.33471645919778703 0.351313969571231 0.055325034578146595 0.12171507607192247
9 0.6887966804979253 0.35338865836791145 0.035961272475795454 0.10650069156293221
6 0.4190871369294606 0.2413554633471646 0.12448132780082986 0.04011065006915633
11 0.6002766251728907 0.23513139695712307 0.13278008298755176 0.04426002766251727
3 0.5172890733056708 0.48755186721991706 0.3070539419087136 0.13416320885200556
0 0.5214384508990318 0.5214384508990318 0.12724757952973725 0.06639004149377598
2 0.5131396957123099 0.1542185338865837 0.25726141078838166 0.1369294605809129
