1 0.4861687413554634 0.48201936376210236 0.706777316735823 0.789764868603043
5 0.3443983402489627 0.4246196403872753 0.1715076071922545 0.08298755186721983
10 0.6410788381742739 0.42047026279391425 0.16459197786998614 0.08852005532503454
8 0.504149377593361 0.5027662517289073 0.15076071922544962 0.25034578146611336
7 0.5034578146611343 0.7123098201936375 0.23513139695712304 0.08298755186722005
4 0.18533886583679113 0.4716459197786999 0.1023513139695712 0.21576763485477188
9 0.8022130013831259 0.4550484094052558 0.08575380359612722 0.22683264177040108
6 0.338865836791148 0.3409405255878285 0.21576763485477182 0.06500691562932229
11 0.6383125864453666 0.33056708160442594 0.21715076071922546 0.0663900414937759
3 0.5034578146611343 0.7489626556016598 0.5311203319502076 0.24757952973720612
0 0.5020746887966806 0.814661134163209 0.21853388658367912 0.11065006915629326
2 0.4854771784232365 0.18948824343015214 0.5504840940525588 0.22406639004149376
