1 0.508298755186722 0.3112033195020747 0.34439834024896265 0.3623789764868603
5 0.4578146611341632 0.27178423236514526 0.08575380359612722 0.03734439834024901
5 0.5836791147994468 0.2842323651452282 0.08575380359612722 0.03181189488243429
8 0.5159059474412172 0.3160442600276625 0.07192254495159062 0.10650069156293224
7 0.5062240663900416 0.40871369294605814 0.10511756569847855 0.05117565698478557
4 0.3630705394190872 0.31258644536652835 0.05117565698478565 0.10511756569847851
9 0.6528354080221299 0.34301521438450905 0.05255878284923931 0.09681881051175659
6 0.45089903181189483 0.23513139695712312 0.0857538035961273 0.030428769017980636
11 0.5940525587828492 0.24688796680497926 0.08160442600276617 0.02627939142461969
3 0.5076071922544952 0.4308437067773167 0.243430152143845 0.11756569847856149
0 0.5076071922544952 0.46611341632088527 0.10788381742738587 0.05255878284923931
2 0.5179806362378977 0.1756569847856155 0.19502074688796683 0.09405255878284928
