1 0.5200553250345782 0.44052558782849244 0.3955739972337483 0.46611341632088527
5 0.43775933609958506 0.41562932226832644 0.10096818810511748 0.03734439834024897
10 0.6002766251728907 0.4100968188105118 0.09405255878284918 0.04011065006915629
8 0.5242047026279392 0.46611341632088527 0.08022130013831258 0.12448132780082993
7 0.5255878284923928 0.5816044260027663 0.11894882434301529 0.06777316735822957
4 0.343015214384509 0.4426002766251729 0.03872752420470263 0.10788381742738587
9 0.6991701244813278 0.4135546334716459 0.04011065006915629 0.11894882434301515
6 0.4280774550484094 0.3755186721991701 0.13416320885200556 0.04011065006915629
11 0.6085753803596127 0.3665283540802213 0.11894882434301507 0.041493775933610026
3 0.5214384508990318 0.6009681881051177 0.29322268326417694 0.14246196403872752
0 0.5262793914246197 0.6431535269709543 0.11479944674965431 0.06085753803596127
2 0.5124481327800829 0.27385892116182575 0.297372060857538 0.13278008298755187
