1 0.5172890733056709 0.44744121715076074 0.5062240663900416 0.5905947441217151
5 0.3948824343015215 0.4080221300138313 0.11479944674965424 0.04979253112033191
10 0.6127247579529737 0.417704011065007 0.11618257261410775 0.05809128630705395
8 0.4993084370677732 0.4785615491009682 0.10511756569847855 0.16874135546334712
7 0.495850622406639 0.6293222683264177 0.14799446749654216 0.06915629322268316
9 0.7406639004149378 0.4343015214384509 0.05670816044260036 0.16320885200553256
6 0.39695712309820197 0.3520055325034578 0.14937759336099582 0.05947441217150761
11 0.6161825726141079 0.3533886583679115 0.14799446749654216 0.062240663900415
3 0.49861687413554634 0.6479944674965422 0.41078838174273863 0.18395573997233755
0 0.495850622406639 0.6984785615491009 0.14522821576763484 0.08022130013831273
2 0.5006915629322268 0.24204702627939143 0.4343015214384509 0.17150760719225444
