1 0.5013831258644535 0.4896265560165975 0.9502074688796679 0.9737206085753803
5 0.3132780082987552 0.31742738589211617 0.2226832641770401 0.0982019363762102
10 0.6929460580912863 0.318118948824343 0.20470262793914246 0.09405255878284922
8 0.5062240663900416 0.4377593360995851 0.1825726141078838 0.3582295988934993
7 0.5138312586445366 0.7392807745504841 0.3112033195020746 0.13139695712309815
4 0.07607192254495158 0.3893499308437067 0.09405255878284924 0.2946058091286307
9 0.921161825726141 0.39419087136929465 0.10788381742738579 0.2959889349930844
6 0.28907330567081607 0.21715076071922546 0.29045643153526973 0.07468879668049791
11 0.710926694329184 0.2136929460580913 0.25726141078838166 0.08990318118948828
3 0.49861687413554634 0.7952973720608576 0.7427385892116183 0.36237897648686024
0 0.508298755186722 0.8907330567081604 0.297372060857538 0.16874135546334712
2 0.47994467496542187 0.09543568464730293 0.7800829875518673 0.18257261410788383
