1 0.5020746887966806 0.5062240663900415 0.5836791147994468 0.6002766251728907
5 0.37413554633471646 0.45712309820193636 0.11756569847856159 0.07053941908713696
10 0.5995850622406639 0.47095435684647297 0.13692946058091274 0.06500691562932225
8 0.4744121715076072 0.5304287690179806 0.11065006915629326 0.19502074688796675
7 0.4674965421853389 0.6894882434301521 0.16320885200553248 0.07053941908713696
4 0.2531120331950208 0.4757952973720609 0.07468879668049794 0.17704011065006908
9 0.7406639004149378 0.5076071922544952 0.10096818810511764 0.16044260027662524
6 0.36445366528354084 0.39903181189488246 0.14522821576763484 0.05394190871369289
11 0.6092669432918396 0.4073305670816045 0.16182572614107876 0.04011065006915622
3 0.4861687413554634 0.718533886583679 0.38312586445366525 0.17012448132780086
0 0.46818810511756576 0.7655601659751037 0.16182572614107882 0.0760719225449516
2 0.47994467496542187 0.28838174273858924 0.3485477178423235 0.15905947441217155
