1 0.4993084370677732 0.5013831258644537 0.5560165975103736 0.7842323651452283
5 0.3686030428769018 0.4266943291839557 0.15352697095435686 0.07053941908713689
10 0.6466113416320886 0.4273858921161826 0.15076071922544954 0.08022130013831251
8 0.5020746887966805 0.5103734439834026 0.13554633471645913 0.23789764868603036
7 0.49861687413554634 0.7295988934993085 0.21161825726141076 0.11479944674965424
4 0.23374827109266946 0.5414937759336099 0.0221300138312586 0.05670816044260029
6 0.36791147994467494 0.3603042876901798 0.21300138312586436 0.06777316735822964
11 0.6500691562932226 0.35269709543568467 0.17704011065006925 0.05809128630705395
3 0.5034578146611343 0.7593360995850622 0.5117565698478562 0.2572614107883818
0 0.495850622406639 0.8395573997233748 0.17012448132780095 0.1023513139695713
2 0.487551867219917 0.22890733056708157 0.49100968188105115 0.20608575380359612
