1 0.4778699861687416 0.3900414937759333 0.46058091286306957 0.5532503457814656
5 0.3865836791147994 0.3720608575380359 0.11479944674965424 0.06085753803596127
10 0.5822959889349931 0.37413554633471646 0.11341632088520043 0.06500691562932225
8 0.4896265560165975 0.4170124481327801 0.09405255878284927 0.18395573997233747
7 0.4951590594744122 0.5698478561549101 0.17427385892116193 0.06362378976486859
6 0.37621023513139695 0.313969571230982 0.13831258644536656 0.04979253112033191
11 0.5843706777316736 0.3160442600276625 0.1535269709543568 0.05670816044260029
3 0.49100968188105115 0.5809128630705394 0.3430152143845089 0.16320885200553242
0 0.49446749654218536 0.6341632088520055 0.15905947441217144 0.059474412171507535
2 0.48132780082987553 0.2206085753803596 0.36514522821576756 0.1341632088520055
