1 0.5228215767634855 0.2959889349930844 0.4343015214384509 0.5006915629322268
5 0.4266943291839557 0.25242047026279396 0.10650069156293221 0.056708160442600256
10 0.6147994467496541 0.2641770401106501 0.09543568464730284 0.058091286307053985
8 0.5172890733056709 0.30982019363762103 0.10235131396957123 0.16874135546334718
7 0.5131396957123099 0.44744121715076074 0.15767634854771784 0.06224066390041493
9 0.7157676348547717 0.24688796680497924 0.03457814661134165 0.1479944674965422
6 0.41286307053941906 0.20055325034578148 0.1258644536652835 0.03872752420470263
11 0.6265560165975104 0.20608575380359614 0.1161825726141079 0.03596127247579531
3 0.5013831258644537 0.4654218533886583 0.3443983402489627 0.15629322268326412
0 0.5089903181189488 0.5096818810511756 0.13554633471645913 0.06500691562932225
2 0.5345781466113416 0.12102351313969571 0.3360995850622406 0.13416320885200553
