1 0.5 0.46818810511756576 0.6237897648686029 0.731673582295989
1 0.3312586445366529 0.41632088520055327 0.13692946058091285 0.07468879668049794
10 0.6065006915629323 0.4204702627939143 0.14799446749654216 0.06362378976486859
8 0.4695712309820193 0.5096818810511756 0.12863070539419091 0.22544951590594742
7 0.4737206085753803 0.702627939142462 0.2005532503457814 0.07745504840940541
4 0.21991701244813278 0.4363762102351314 0.05809128630705395 0.19502074688796683
9 0.7593360995850622 0.4426002766251729 0.0968188105117565 0.1964038727524205
6 0.3208852005532503 0.3457814661134163 0.15491009681881052 0.060857538035961306
11 0.6175656984785616 0.34854771784232363 0.18395573997233747 0.058091286307053985
3 0.4834024896265559 0.7344398340248962 0.4273858921161825 0.19640387275242055
0 0.4764868603042878 0.7883817427385893 0.2088520055325035 0.08575380359612722
2 0.4474412171507607 0.21230982019363764 0.4135546334716459 0.19502074688796683
