1 0.4827109266943292 0.4536652835408023 0.48409405255878285 0.5615491009681882
5 0.40594744121715076 0.4197786998616874 0.12033195020746888 0.04840940525587825
10 0.5947441217150761 0.4121715076071923 0.11065006915629319 0.05255878284923923
8 0.508298755186722 0.4716459197786999 0.09820193637621025 0.1659751037344398
7 0.5103734439834026 0.6224066390041494 0.1521438450899032 0.06915629322268316
4 0.28284923928077454 0.4654218533886583 0.0760719225449516 0.14246196403872752
9 0.702627939142462 0.44744121715076074 0.04979253112033191 0.14799446749654221
6 0.39695712309820197 0.36721991701244816 0.14107883817427386 0.034578146611341724
11 0.6023513139695712 0.3623789764868603 0.13692946058091274 0.03596127247579531
3 0.495850622406639 0.6417704011065006 0.3692946058091286 0.1798063623789764
0 0.5117565698478562 0.690179806362379 0.14937759336099588 0.08022130013831258
2 0.48686030428769017 0.2621023513139696 0.3928077455048409 0.16182572614107882
