1 0.5179806362378976 0.355463347164592 0.4135546334716459 0.48409405255878285
5 0.41493775933609955 0.32434301521438447 0.09958506224066391 0.04287690179806361
10 0.5864453665283541 0.322268326417704 0.09128630705394186 0.04702627939142459
8 0.5006915629322268 0.3775933609958506 0.08852005532503454 0.1521438450899032
7 0.5055325034578146 0.5062240663900416 0.14246196403872743 0.05532503457814663
4 0.33471645919778703 0.3575380359612725 0.04426002766251731 0.13139695712309815
9 0.693637621023513 0.35477178423236516 0.05117565698478572 0.15076071922544954
6 0.4045643153526971 0.27178423236514526 0.12863070539419083 0.03734439834024901
11 0.5954356846473029 0.2731673582295989 0.12863070539419078 0.04287690179806365
3 0.5124481327800829 0.5228215767634855 0.30567081604425994 0.14107883817427386
0 0.5034578146611342 0.5608575380359614 0.1327800829875518 0.06500691562932225
2 0.5048409405255877 0.1825726141078838 0.33195020746887954 0.1355463347164592
