1 0.508298755186722 0.5048409405255878 0.5767634854771785 0.8022130013831259
5 0.3630705394190872 0.466804979253112 0.14799446749654216 0.07330567081604421
10 0.6466113416320886 0.46127247579529734 0.13969571230982025 0.0760719225449516
8 0.5013831258644537 0.5414937759336099 0.1369294605809128 0.22821576763485474
7 0.5048409405255879 0.7496542185338865 0.21853388658367912 0.11065006915629326
6 0.355463347164592 0.39834024896265563 0.18810511756569848 0.060857538035961195
11 0.6576763485477178 0.37828492392807744 0.18395573997233755 0.05394190871369297
3 0.4979253112033195 0.7800829875518673 0.5145228215767635 0.24896265560165987
0 0.5013831258644537 0.8575380359612725 0.21991701244813278 0.09405255878284934
2 0.4972337482710927 0.23029045643153523 0.4937759336099586 0.24204702627939137
