1 0.49170124481327804 0.42876901798063616 0.4550484094052558 0.4840940525587827
5 0.41217150760719223 0.38796680497925307 0.11618257261410783 0.04840940525587825
10 0.6092669432918395 0.3796680497925311 0.11203319502074677 0.05394190871369289
8 0.5145228215767635 0.437759336099585 0.11618257261410783 0.1535269709543568
7 0.5145228215767635 0.5753803596127247 0.1659751037344398 0.05809128630705395
4 0.2966804979253112 0.42876901798063627 0.06500691562932222 0.14937759336099582
9 0.7060857538035961 0.4024896265560166 0.03457814661134165 0.1466113416320885
6 0.4024896265560166 0.33540802213001386 0.1327800829875518 0.04011065006915633
11 0.6023513139695712 0.33264177040110654 0.12863070539419078 0.04840940525587829
3 0.5096818810511756 0.5954356846473029 0.34439834024896265 0.1452282157676347
0 0.5152143845089904 0.6341632088520055 0.15076071922544954 0.0677731673582295
2 0.4944674965421853 0.24688796680497924 0.3416320885200552 0.1147994467496542
