1 0.5089903181189489 0.4087136929460581 0.4121715076071923 0.46058091286307046
5 0.4280774550484094 0.3630705394190872 0.08713692946058081 0.04287690179806369
10 0.5912863070539419 0.36168741355463346 0.09543568464730284 0.03457814661134165
8 0.508298755186722 0.41147994467496546 0.08990318118948828 0.13416320885200556
7 0.504149377593361 0.5345781466113416 0.13416320885200547 0.05670816044260029
4 0.3278008298755186 0.39695712309820197 0.04702627939142459 0.11341632088520058
9 0.6874135546334716 0.39488243430152137 0.05255878284923938 0.12863070539419091
6 0.4211618257261411 0.3208852005532503 0.11756569847856156 0.03319502074688799
11 0.5940525587828492 0.3229598893499308 0.10926694329183953 0.03457814661134161
3 0.5048409405255878 0.5636237897648685 0.30152143845089896 0.14799446749654216
0 0.5048409405255878 0.603042876901798 0.12448132780082986 0.07468879668049794
2 0.4903181189488243 0.24343015214384509 0.31950207468879666 0.12448132780082989
