1 0.47233748271092674 0.5387275242047026 0.6127247579529738 0.6403872752420469
5 0.37344398340248963 0.47026279391424625 0.1355463347164592 0.06915629322268323
10 0.6313969571230982 0.47026279391424625 0.1452282157676349 0.06362378976486859
8 0.4979253112033195 0.5435684647302904 0.1300138312586445 0.20746887966804978
7 0.5013831258644537 0.7157676348547719 0.255878284923928 0.10096818810511778
4 0.21092669432918396 0.49930843706777317 0.08160442600276624 0.20470262793914246
9 0.7572614107883818 0.5193637621023514 0.04287690179806361 0.14799446749654216
6 0.36030428769017986 0.4149377593360996 0.17289073305670818 0.04426002766251727
11 0.6424619640387275 0.41562932226832644 0.1728907330567081 0.04840940525587825
3 0.49515905947441213 0.7586445366528355 0.46749654218533876 0.20608575380359626
0 0.5 0.809820193637621 0.2033195020746888 0.09266943291839552
2 0.48201936376210236 0.30359612724757956 0.4854771784232365 0.17012448132780086
