1 0.5069156293222682 0.4177040110650069 0.5408022130013829 0.5698478561549098
5 0.37413554633471646 0.3699861687413555 0.12033195020746891 0.05670816044260029
10 0.5975103734439834 0.3623789764868603 0.13001383125864444 0.05255878284923931
8 0.4896265560165975 0.43291839557399725 0.10511756569847855 0.18810511756569853
7 0.49446749654218536 0.5885200553250346 0.1784232365145229 0.06224066390041493
4 0.2745504840940526 0.4100968188105118 0.06777316735822961 0.16459197786998622
9 0.7323651452282158 0.3858921161825726 0.08437067773167371 0.1659751037344398
6 0.359612724757953 0.3077455048409405 0.14937759336099588 0.04564315352697093
11 0.6044260027662517 0.30428769017980634 0.14384508990318118 0.04979253112033191
3 0.5027662517289073 0.6141078838174273 0.37759336099585056 0.1742738589211617
0 0.49515905947441213 0.6604426002766252 0.15491009681881046 0.08437067773167349
2 0.47717842323651455 0.20816044260027664 0.39834024896265563 0.1479944674965422
