1 0.5110650069156294 0.5152143845089904 0.5186721991701246 0.5297372060857539
5 0.39211618257261416 0.4695712309820194 0.11203319502074692 0.04564315352697093
10 0.6134163208852005 0.466804979253112 0.11203319502074677 0.05670816044260029
8 0.504149377593361 0.5228215767634855 0.10650069156293221 0.17704011065006917
4 0.27800829875518673 0.4737206085753804 0.04702627939142463 0.16182572614107882
9 0.7406639004149378 0.45919778699861685 0.05394190871369304 0.16320885200553248
6 0.3955739972337483 0.4024896265560166 0.14384508990318118 0.04149377593360995
11 0.6106500691562933 0.3997233748271093 0.13139695712309823 0.05255878284923923
3 0.5096818810511756 0.7005532503457814 0.37482710926694324 0.1618257261410789
7 0.5069156293222683 0.673582295988935 0.15905947441217158 0.07745504840940534
0 0.5103734439834026 0.7461964038727524 0.14661134163208855 0.07330567081604428
2 0.4972337482710927 0.313969571230982 0.3582295988934993 0.12724757952973723
