1 0.5387275242047026 0.5311203319502075 0.5850622406639004 0.710926694329184
5 0.36721991701244816 0.47095435684647297 0.14799446749654216 0.06777316735822957
10 0.6369294605809128 0.46818810511756564 0.15352697095435686 0.05947441217150761
8 0.4965421853388658 0.5546334716459197 0.13831258644536654 0.22130013831258638
7 0.5027662517289073 0.7344398340248963 0.22544951590594742 0.0885200553250347
9 0.7904564315352697 0.5318118948824343 0.07330567081604414 0.19778699861687407
6 0.3630705394190871 0.40871369294605814 0.18672199170124482 0.05670816044260029
11 0.6431535269709543 0.4024896265560166 0.2019363762102352 0.06085753803596127
3 0.5103734439834026 0.7731673582295988 0.4647302904564316 0.2185338865836792
0 0.5048409405255878 0.8374827109266942 0.19363762102351317 0.09820193637621016
2 0.5096818810511756 0.2814661134163209 0.4965421853388658 0.19502074688796678
