1 0.4834024896265559 0.3762102351313969 0.35822959889349926 0.3955739972337482
5 0.3997233748271093 0.3457814661134163 0.07745504840940526 0.03596127247579531
10 0.5553250345781465 0.33748271092669435 0.08437067773167364 0.04149377593360999
8 0.4744121715076072 0.3948824343015215 0.07745504840940519 0.11756569847856156
7 0.47994467496542187 0.504149377593361 0.1161825726141079 0.02904564315352708
4 0.32365145228215764 0.3485477178423237 0.035961272475795274 0.10511756569847855
9 0.6424619640387275 0.3409405255878285 0.0373443983402489 0.10373443983402489
6 0.3907330567081604 0.3132780082987552 0.10096818810511757 0.020746887966804975
11 0.5580912863070538 0.30013831258644535 0.10096818810511757 0.035961272475795274
3 0.48132780082987553 0.5172890733056709 0.2461964038727524 0.11341632088520051
0 0.4806362378976487 0.5484094052558782 0.11203319502074692 0.0511756569847855
2 0.4647302904564315 0.23236514522821575 0.26002766251728915 0.10511756569847855
