1 0.5145228215767635 0.37828492392807744 0.4260027662517289 0.43015214384508993
5 0.4280774550484094 0.3367911479944675 0.09266943291839552 0.04840940525587829
10 0.5878284923928078 0.33540802213001386 0.10235131396957114 0.04287690179806365
8 0.5055325034578146 0.38520055325034575 0.08160442600276624 0.13969571230982022
7 0.5062240663900415 0.5055325034578146 0.12448132780082986 0.05117565698478565
4 0.33333333333333326 0.3409405255878285 0.06085753803596127 0.1230982019363762
9 0.6915629322268326 0.35408022130013833 0.0691562932226833 0.11341632088520051
6 0.42323651452282157 0.28907330567081607 0.12171507607192254 0.04149377593360995
11 0.5940525587828492 0.2946058091286307 0.11756569847856149 0.041493775933609915
3 0.508298755186722 0.5262793914246197 0.2697095435684647 0.13692946058091288
0 0.5048409405255879 0.562240663900415 0.11341632088520051 0.05947441217150761
2 0.504149377593361 0.21645919778699863 0.2863070539419087 0.11203319502074688
