1 0.47302904564315357 0.4930843706777317 0.49792531120331945 0.5076071922544952
5 0.34854771784232363 0.41908713692946065 0.12171507607192254 0.05532503457814663
10 0.5484094052558782 0.4349930843706777 0.1258644536652836 0.05670816044260029
8 0.4412171507607192 0.4930843706777317 0.10788381742738587 0.1756569847856156
7 0.4377593360995851 0.6383125864453665 0.16459197786998622 0.07053941908713696
4 0.23997233748271093 0.4412171507607192 0.029045643153526937 0.1327800829875518
9 0.6908713692946057 0.45228215767634866 0.05947441217150768 0.13554633471645922
6 0.3381742738589212 0.37413554633471646 0.13692946058091285 0.04840940525587833
11 0.5636237897648686 0.3817427385892116 0.17012448132780078 0.03319502074688799
3 0.45781466113416314 0.6549100968188105 0.3762102351313969 0.1756569847856156
0 0.44052558782849244 0.7095435684647303 0.16735822959889354 0.0691562932226833
2 0.4495159059474412 0.2849239280774551 0.3734439834024896 0.13831258644536654
