1 0.508298755186722 0.4349930843706777 0.43845089903181184 0.4633471645919778
5 0.4094052558782849 0.3769017980636238 0.09958506224066391 0.04011065006915629
10 0.5802213001383126 0.3769017980636238 0.1037344398340248 0.03734439834024897
8 0.4930843706777317 0.42876901798063627 0.11479944674965424 0.1327800829875519
7 0.4903181189488243 0.5553250345781467 0.15352697095435686 0.06500691562932225
4 0.31742738589211617 0.40871369294605814 0.056708160442600214 0.13692946058091288
9 0.693637621023513 0.40594744121715076 0.06500691562932231 0.1396957123098201
6 0.3934993084370678 0.33540802213001386 0.1092669432918396 0.029045643153526937
11 0.5857538035961273 0.3381742738589212 0.12309820193637613 0.03457814661134165
3 0.49999999999999994 0.578146611341632 0.33333333333333326 0.17150760719225439
0 0.4930843706777317 0.6224066390041494 0.14522821576763484 0.0746887966804978
2 0.49515905947441213 0.26141078838174275 0.3291839557399723 0.11894882434301522
