1 0.49446749654218536 0.5152143845089904 0.5020746887966806 0.5463347164591978
5 0.3934993084370678 0.4557399723374827 0.1092669432918396 0.04840940525587825
10 0.5940525587828492 0.45159059474412167 0.11756569847856149 0.04840940525587825
8 0.4923928077455048 0.5193637621023514 0.10788381742738587 0.17012448132780078
7 0.49792531120331956 0.6742738589211618 0.16044260027662524 0.056708160442600214
4 0.27316735822959887 0.466804979253112 0.05670816044260029 0.13416320885200556
9 0.72268326417704 0.44951590594744123 0.0484094052558784 0.14661134163208855
6 0.38520055325034575 0.4142461964038728 0.14522821576763487 0.03457814661134165
11 0.5995850622406639 0.4073305670816045 0.13416320885200542 0.03457814661134158
3 0.49792531120331945 0.698478561549101 0.3734439834024896 0.17704011065006917
0 0.4965421853388658 0.7455048409405256 0.14384508990318118 0.0885200553250347
2 0.4854771784232365 0.313969571230982 0.39834024896265563 0.1410788381742739
