1 0.4723374827109266 0.4204702627939142 0.46058091286307046 0.48686030428769006
5 0.392807745504841 0.3748271092669433 0.08852005532503462 0.03596127247579531
10 0.5615491009681881 0.3817427385892116 0.09958506224066398 0.03596127247579531
8 0.4778699861687414 0.43568464730290457 0.09820193637621032 0.14107883817427386
7 0.46611341632088527 0.5580912863070541 0.17427385892116184 0.06224066390041493
4 0.26832641770401106 0.3824343015214384 0.05532503457814663 0.13416320885200558
9 0.6694329183955738 0.4073305670816044 0.0663900414937759 0.1369294605809128
6 0.3858921161825726 0.338865836791148 0.13831258644536656 0.04426002766251731
11 0.5705394190871369 0.34647302904564314 0.1258644536652835 0.03457814661134165
3 0.4688796680497925 0.5816044260027663 0.33748271092669424 0.16459197786998608
0 0.46611341632088527 0.6251728907330567 0.15491009681881046 0.08022130013831244
2 0.47026279391424614 0.25449515905947445 0.33748271092669424 0.13278008298755187
