1 0.4993084370677732 0.4495159059474412 0.4896265560165976 0.4923928077455048
5 0.4142461964038728 0.38105117565698476 0.10373443983402489 0.03734439834024897
10 0.5871369294605809 0.3755186721991701 0.09266943291839552 0.03734439834024897
8 0.5020746887966806 0.4315352697095436 0.09128630705394195 0.14384508990318118
7 0.5027662517289073 0.5629322268326418 0.1369294605809128 0.04702627939142467
4 0.28976486860304285 0.4266943291839557 0.07053941908713693 0.1396957123098202
9 0.7088520055325034 0.4280774550484094 0.07053941908713696 0.14246196403872752
6 0.3997233748271093 0.3450899031811895 0.13831258644536654 0.03181189488243433
11 0.5954356846473029 0.3381742738589212 0.12586445366528345 0.03734439834024901
3 0.5006915629322268 0.6037344398340249 0.34301521438450905 0.18395573997233747
0 0.5020746887966805 0.644536652835408 0.13831258644536645 0.10788381742738579
2 0.49100968188105115 0.26348547717842324 0.3153526970954357 0.11203319502074685
