1 0.5027662517289073 0.41908713692946054 0.4412171507607192 0.4896265560165975
5 0.4045643153526971 0.38796680497925307 0.1230982019363762 0.04564315352697093
10 0.5947441217150761 0.3796680497925311 0.10788381742738587 0.05394190871369289
8 0.5027662517289073 0.43222683264177036 0.10373443983402489 0.13692946058091288
7 0.5117565698478562 0.5643153526970954 0.1383125864453666 0.05532503457814663
4 0.3112033195020747 0.41839557399723376 0.05809128630705395 0.14799446749654221
9 0.702627939142462 0.39695712309820197 0.04149377593360995 0.14107883817427386
6 0.40179806362378967 0.338865836791148 0.13692946058091288 0.04426002766251731
11 0.5968188105117566 0.32849239280774556 0.13692946058091274 0.05394190871369297
3 0.5124481327800829 0.5885200553250346 0.3360995850622407 0.1535269709543568
0 0.512448132780083 0.6307053941908713 0.13969571230982025 0.07192254495159048
2 0.495850622406639 0.24688796680497926 0.27247579529737204 0.11756569847856156
