1 0.495850622406639 0.5013831258644537 0.4550484094052558 0.47994467496542187
5 0.39903181189488246 0.45366528354080216 0.1092669432918396 0.05809128630705395
10 0.5947441217150761 0.4474412171507607 0.11065006915629319 0.05394190871369289
8 0.495850622406639 0.5055325034578146 0.09543568464730284 0.1618257261410789
7 0.49861687413554634 0.6466113416320886 0.1396957123098202 0.05947441217150761
4 0.2959889349930844 0.46127247579529734 0.052558782849239274 0.14799446749654216
9 0.6964038727524203 0.46403872752420466 0.05117565698478572 0.1535269709543568
6 0.39004149377593367 0.3997233748271093 0.12724757952973725 0.04149377593360995
11 0.598893499308437 0.39419087136929465 0.12724757952973711 0.04979253112033191
3 0.4972337482710927 0.6694329183955741 0.31396957123098196 0.14384508990318123
0 0.49930843706777317 0.7102351313969573 0.13554633471645913 0.06500691562932231
2 0.48686030428769017 0.3153526970954357 0.3291839557399723 0.1078838174273859
