1 0.4993084370677731 0.41632088520055327 0.6224066390041493 0.7662517289073305
5 0.3443983402489627 0.3665283540802213 0.1715076071922545 0.07468879668049794
10 0.644536652835408 0.3575380359612725 0.1853388658367912 0.06500691562932231
8 0.49515905947441213 0.45366528354080216 0.1327800829875519 0.2157676348547718
7 0.49377593360995853 0.6466113416320886 0.20193637621023514 0.08437067773167356
4 0.21922544951590595 0.3955739972337483 0.05117565698478557 0.1466113416320885
9 0.7704011065006915 0.37759336099585056 0.06915629322268316 0.1964038727524204
6 0.3340248962655602 0.293222683264177 0.1894882434301521 0.07192254495159059
11 0.6417704011065006 0.29183955739972334 0.1853388658367912 0.06915629322268327
3 0.49377593360995853 0.6874135546334716 0.42600276625172895 0.21576763485477174
0 0.48962655601659755 0.7468879668049792 0.1964038727524205 0.10511756569847862
2 0.4806362378976486 0.15214384508990317 0.4439834024896264 0.20193637621023514
