1 0.5027662517289073 0.3796680497925311 0.36099585062240663 0.5297372060857538
5 0.41839557399723376 0.3547717842323651 0.10373443983402489 0.05117565698478565
10 0.6016597510373444 0.3575380359612725 0.0968188105117565 0.05117565698478572
8 0.5069156293222683 0.4045643153526971 0.08713692946058096 0.16735822959889346
7 0.5082987551867221 0.5470262793914246 0.15629322268326418 0.059474412171507465
6 0.41147994467496546 0.30497925311203317 0.15076071922544948 0.03734439834024897
11 0.5975103734439834 0.3008298755186722 0.14107883817427372 0.037344398340248934
3 0.5089903181189489 0.5615491009681881 0.32641770401106507 0.15767634854771784
0 0.5069156293222683 0.6065006915629322 0.1396957123098201 0.07053941908713696
2 0.4903181189488242 0.19709543568464732 0.34439834024896254 0.16459197786998614
