1 0.49170124481327804 0.4481327800829875 0.46058091286307046 0.5366528354080221
5 0.40318118948824344 0.3817427385892116 0.11756569847856156 0.03872752420470263
10 0.5926694329183956 0.38035961272475793 0.11479944674965417 0.04149377593360995
8 0.5034578146611343 0.43706777316735823 0.10788381742738587 0.16044260027662524
7 0.5027662517289073 0.5892116182572614 0.18118948824343023 0.07745504840940519
4 0.2717842323651452 0.4073305670816045 0.08713692946058088 0.17289073305670818
9 0.7213001383125865 0.41908713692946054 0.08990318118948835 0.17150760719225452
6 0.3962655601659747 0.343015214384509 0.14799446749654208 0.044260027662517284
11 0.598893499308437 0.34232365145228216 0.1383125864453664 0.04011065006915629
3 0.4965421853388658 0.6106500691562933 0.3789764868603042 0.20331950207468885
0 0.5027662517289073 0.6625172890733058 0.15905947441217158 0.09405255878284927
2 0.5020746887966805 0.25864453665283543 0.34578146611341637 0.12724757952973717
