1 0.5359612724757953 0.4094052558782849 0.3748271092669433 0.47026279391424625
5 0.446058091286307 0.3727524204702628 0.0899031811894882 0.03734439834024897
10 0.6147994467496541 0.3692946058091286 0.09820193637621016 0.041493775933610026
8 0.5325034578146611 0.41493775933609955 0.09405255878284934 0.14384508990318118
7 0.5318118948824343 0.5470262793914248 0.1396957123098202 0.06224066390041493
6 0.35615491009681866 0.4128630705394184 0.0594744121715078 0.147994467496542
9 0.7067773167358229 0.40179806362378967 0.04426002766251727 0.13416320885200556
6 0.4391424619640388 0.3319502074688796 0.11203319502074685 0.030428769017980636
11 0.6120331950207469 0.32641770401106496 0.12863070539419083 0.027662517289073315
3 0.5428769017980636 0.5629322268326418 0.3250345781466114 0.15767634854771784
0 0.5359612724757953 0.6085753803596127 0.12863070539419091 0.08022130013831258
2 0.524896265560166 0.24481327800829875 0.33333333333333326 0.13001383125864455
