1 0.5034578146611342 0.5449515905947441 0.7302904564315352 0.8160442600276625
5 0.3775933609958506 0.47510373443983395 0.14937759336099588 0.06224066390041493
10 0.6424619640387275 0.47302904564315357 0.16459197786998614 0.06085753803596127
8 0.5006915629322267 0.5691562932226834 0.14937759336099582 0.2116182572614108
7 0.5027662517289073 0.7593360995850622 0.21991701244813278 0.06362378976486865
4 0.17842323651452283 0.5325034578146611 0.07745504840940526 0.2655601659751036
9 0.8257261410788382 0.5318118948824343 0.07745504840940526 0.26417704011064996
6 0.36099585062240663 0.4246196403872753 0.18810511756569848 0.04426002766251735
11 0.6417704011065006 0.4128630705394191 0.18810511756569853 0.05394190871369289
3 0.5020746887966806 0.818118948824343 0.5587828492392808 0.2669432918395573
0 0.5152143845089903 0.87551867219917 0.24204702627939134 0.15491009681881038
2 0.48824343015214383 0.27869986168741356 0.4343015214384509 0.2199170124481328
