1 0.508298755186722 0.39488243430152137 0.3692946058091286 0.42461964038727523
5 0.42531120331950206 0.3437067773167358 0.0899031811894882 0.03181189488243433
10 0.5850622406639004 0.343015214384509 0.09128630705394186 0.03042876901798067
8 0.5048409405255879 0.39695712309820197 0.09128630705394195 0.12724757952973725
7 0.5089903181189488 0.5172890733056709 0.1327800829875518 0.04426002766251727
4 0.34232365145228216 0.3796680497925311 0.03734439834024897 0.08990318118948828
9 0.6715076071922544 0.3692946058091286 0.04011065006915629 0.09958506224066394
6 0.41562932226832644 0.31051175656984786 0.12033195020746881 0.03457814661134158
11 0.5982019363762102 0.3132780082987552 0.11479944674965417 0.0373443983402489
3 0.5062240663900415 0.5338865836791148 0.2821576763485477 0.14107883817427386
0 0.5089903181189489 0.570539419087137 0.12724757952973711 0.06224066390041493
2 0.49792531120331945 0.23651452282157678 0.28215767634854766 0.10235131396957119
