1 0.5221300138312587 0.5553250345781465 0.6874135546334716 0.7925311203319501
5 0.37828492392807744 0.4757952973720609 0.13969571230982022 0.06362378976486859
10 0.6307053941908713 0.47026279391424625 0.1521438450899032 0.05255878284923931
8 0.5020746887966804 0.5587828492392808 0.14937759336099582 0.21300138312586434
7 0.5020746887966806 0.7634854771784232 0.2295988934993084 0.06639004149377598
4 0.2136929460580913 0.5387275242047026 0.06500691562932229 0.21991701244813278
9 0.8250345781466115 0.5414937759336099 0.08437067773167356 0.22268326417704004
6 0.3575380359612725 0.4211618257261411 0.18948824343015214 0.04287690179806361
11 0.6410788381742739 0.4163208852005533 0.1950207468879669 0.05809128630705395
3 0.5117565698478562 0.8077455048409405 0.5255878284923929 0.2766251728907331
0 0.5055325034578146 0.8769017980636238 0.22544951590594742 0.14661134163208842
2 0.5034578146611343 0.2731673582295989 0.47026279391424625 0.22821576763485482
