1 0.4854771784232365 0.43983402489626555 0.42600276625172884 0.5255878284923927
5 0.40318118948824344 0.3886583679114799 0.10373443983402496 0.04979253112033191
10 0.5947441217150761 0.3796680497925311 0.11065006915629319 0.05117565698478557
8 0.4972337482710927 0.43637621023513135 0.09820193637621016 0.14799446749654216
7 0.5027662517289073 0.58298755186722 0.14522821576763476 0.05947441217150761
4 0.3029045643153527 0.43291839557399725 0.055325034578146554 0.14384508990318118
9 0.6874135546334716 0.46818810511756564 0.013831258644536604 0.06500691562932225
6 0.39488243430152137 0.3409405255878285 0.1258644536652836 0.03181189488243433
11 0.5926694329183956 0.32849239280774545 0.13692946058091274 0.03457814661134161
3 0.5062240663900415 0.6127247579529737 0.34301521438450905 0.17980636237897635
0 0.504149377593361 0.6583679114799446 0.14246196403872743 0.08298755186721983
2 0.48201936376210225 0.24688796680497924 0.30567081604426 0.1313969571230982
