1 0.5089903181189488 0.40525587828492393 0.36791147994467494 0.42876901798063627
5 0.4260027662517289 0.3775933609958506 0.0968188105117565 0.04149377593360995
10 0.5878284923928078 0.37344398340248963 0.08575380359612722 0.03872752420470263
8 0.5089903181189489 0.42254495159059474 0.08852005532503462 0.12863070539419083
7 0.5138312586445367 0.5359612724757953 0.13139695712309823 0.04287690179806369
4 0.34647302904564314 0.437759336099585 0.03181189488243433 0.06500691562932225
9 0.6721991701244812 0.4308437067773167 0.03872752420470263 0.08437067773167349
6 0.41562932226832644 0.3340248962655601 0.10926694329183953 0.03181189488243429
11 0.5899031811894883 0.33264177040110654 0.10926694329183953 0.04011065006915633
3 0.5110650069156293 0.5560165975103735 0.29183955739972334 0.12448132780082986
0 0.5131396957123099 0.5912863070539419 0.11894882434301515 0.05670816044260029
2 0.4965421853388658 0.2558782849239281 0.2710926694329184 0.12448132780082982
