1 0.5159059474412172 0.39211618257261405 0.4260027662517289 0.4854771784232365
5 0.44052558782849244 0.36791147994467494 0.10373443983402489 0.04426002766251735
10 0.6161825726141078 0.3630705394190872 0.09266943291839552 0.04840940525587833
8 0.5304287690179806 0.4170124481327801 0.09820193637621032 0.1258644536652835
7 0.5297372060857538 0.5421853388658369 0.14384508990318118 0.0719225449515907
4 0.3291839557399723 0.3769017980636238 0.04979253112033199 0.12309820193637623
9 0.7123098201936375 0.3651452282157676 0.02766251728907335 0.11618257261410786
6 0.4336099585062241 0.3278008298755186 0.12863070539419083 0.030428769017980636
11 0.6224066390041494 0.32365145228215764 0.12448132780082986 0.03319502074688795
3 0.524896265560166 0.5608575380359612 0.3278008298755186 0.14799446749654216
0 0.5325034578146611 0.607883817427386 0.14384508990318118 0.056708160442600145
2 0.529045643153527 0.2372060857538036 0.29183955739972334 0.13692946058091288
