1 0.5103734439834025 0.4619640387275243 0.61134163208852 0.6556016597510375
5 0.3748271092669433 0.41632088520055327 0.1521438450899032 0.0691562932226833
10 0.6244813278008299 0.4073305670816045 0.1507607192254494 0.06500691562932225
8 0.49446749654218536 0.48409405255878285 0.1258644536652835 0.2047026279391425
7 0.49930843706777317 0.6590594744121715 0.2102351313969571 0.08160442600276617
4 0.2316735822959889 0.4197786998616874 0.051175656984785614 0.11203319502074685
9 0.77731673582296 0.38520055325034575 0.0746887966804978 0.21438450899031813
6 0.36376210235131395 0.34923928077455046 0.18810511756569848 0.05394190871369297
11 0.636237897648686 0.3478561549100968 0.1798063623789765 0.05394190871369297
3 0.5013831258644537 0.6929460580912863 0.43291839557399725 0.19363762102351317
0 0.5006915629322268 0.7468879668049792 0.20470262793914246 0.09128630705394201
2 0.4854771784232365 0.22890733056708157 0.4453665283540802 0.1784232365145228
