1 0.5020746887966805 0.5117565698478562 0.5172890733056709 0.5753803596127247
5 0.40318118948824344 0.4412171507607192 0.12033195020746888 0.04149377593360995
10 0.5968188105117566 0.4384508990318119 0.11479944674965417 0.04149377593360995
8 0.5089903181189489 0.5096818810511756 0.11341632088520051 0.16735822959889354
7 0.5048409405255879 0.6680497925311202 0.16320885200553256 0.06362378976486859
4 0.28077455048409405 0.4384508990318119 0.07192254495159059 0.17704011065006925
9 0.7289073305670816 0.43568464730290457 0.06085753803596134 0.17427385892116193
6 0.3865836791147994 0.4031811894882435 0.13969571230982022 0.0373443983402489
11 0.603042876901798 0.40110650069156295 0.1466113416320885 0.04149377593360995
3 0.5006915629322267 0.6922544951590595 0.3762102351313969 0.2033195020746888
0 0.5055325034578146 0.7448132780082988 0.16735822959889354 0.09820193637621032
2 0.49861687413554634 0.30497925311203317 0.41632088520055327 0.13969571230982022
