1 0.49792531120331956 0.3699861687413555 0.5006915629322269 0.5601659751037344
5 0.36791147994467494 0.3091286307053942 0.11894882434301518 0.04011065006915622
10 0.5663900414937759 0.3084370677731673 0.1230982019363762 0.04979253112033191
8 0.45919778699861696 0.3630705394190871 0.13554633471645922 0.16182572614107882
7 0.45919778699861685 0.5159059474412172 0.19363762102351317 0.08852005532503462
4 0.2800829875518672 0.3748271092669433 0.05117565698478565 0.1521438450899032
9 0.710926694329184 0.36583679114799444 0.0691562932226833 0.15629322268326418
6 0.35684647302904565 0.2579529737206086 0.13831258644536654 0.04840940525587829
11 0.5705394190871369 0.2531120331950208 0.16182572614107882 0.04149377593360999
3 0.48686030428769017 0.5491009681881052 0.3928077455048409 0.19917012448132773
0 0.4688796680497926 0.6009681881051175 0.17427385892116184 0.09543568464730284
2 0.47717842323651455 0.1590594744121715 0.39834024896265563 0.13554633471645922
