1 0.5069156293222683 0.5594744121715076 0.7012448132780082 0.7980636237897649
5 0.3692946058091286 0.4764868603042877 0.16320885200553256 0.059474412171507535
10 0.6376210235131397 0.4834024896265561 0.17150760719225444 0.0760719225449516
8 0.5013831258644537 0.5435684647302904 0.16459197786998622 0.20193637621023514
7 0.5006915629322268 0.7503457814661135 0.2793914246196404 0.08160442600276624
4 0.2033195020746888 0.5567081604426002 0.09958506224066388 0.22544951590594736
9 0.814661134163209 0.573997233748271 0.08298755186721976 0.2157676348547718
6 0.3561549100968188 0.417704011065007 0.21715076071922543 0.06915629322268323
11 0.6417704011065006 0.41770401106500693 0.21300138312586447 0.08022130013831258
3 0.5034578146611343 0.8077455048409405 0.5283540802213003 0.3070539419087137
0 0.49861687413554634 0.872060857538036 0.2835408022130014 0.17012448132780078
2 0.49930843706777317 0.2828492392807746 0.5145228215767635 0.2088520055325035
