1 0.5013831258644537 0.4495159059474412 0.5131396957123099 0.5394190871369294
5 0.4073305670816044 0.3976486860304288 0.11479944674965424 0.04011065006915629
10 0.5961272475795297 0.39834024896265563 0.11618257261410783 0.04426002766251727
8 0.4972337482710927 0.45643153526970953 0.09820193637621016 0.1521438450899032
7 0.49861687413554634 0.5968188105117566 0.14522821576763484 0.06224066390041493
4 0.28284923928077454 0.4239280774550484 0.07330567081604421 0.15352697095435686
9 0.7178423236514523 0.42531120331950206 0.07192254495159062 0.14522821576763484
6 0.40179806362378967 0.35684647302904565 0.14522821576763484 0.03042876901798067
11 0.5995850622406639 0.359612724757953 0.12863070539419078 0.03319502074688799
3 0.5006915629322268 0.6265560165975104 0.35408022130013833 0.1825726141078838
0 0.5013831258644537 0.673582295988935 0.1396957123098201 0.09128630705394195
2 0.4896265560165975 0.2669432918395574 0.3430152143845089 0.14937759336099582
