1 0.5096818810511756 0.5048409405255879 0.4965421853388658 0.5670816044260029
5 0.40594744121715076 0.4882434301521439 0.11203319502074692 0.0553250345781467
10 0.6078838174273858 0.4972337482710927 0.12309820193637613 0.05117565698478572
8 0.5089903181189489 0.5587828492392808 0.09958506224066391 0.16320885200553248
7 0.5006915629322267 0.6970954356846473 0.15214384508990314 0.05809128630705402
4 0.29045643153526973 0.43222683264177036 0.05255878284923923 0.1396957123098202
9 0.7254495159059473 0.45020746887966806 0.06500691562932231 0.13692946058091293
6 0.400414937759336 0.44190871369294604 0.13692946058091288 0.04840940525587825
11 0.6106500691562933 0.4453665283540802 0.14522821576763484 0.04426002766251727
3 0.5089903181189489 0.706777316735823 0.33748271092669435 0.1549100968188106
0 0.5034578146611342 0.7538035961272476 0.1327800829875518 0.07192254495159062
2 0.5 0.32434301521438447 0.38865836791147984 0.17565698478561548
