1 0.5691562932226834 0.5442600276625174 0.6874135546334716 0.723374827109267
5 0.3658367911479945 0.47302904564315357 0.16459197786998622 0.08022130013831251
10 0.6410788381742739 0.466804979253112 0.18118948824343006 0.07053941908713689
8 0.49792531120331945 0.5504840940525587 0.1466113416320885 0.2240663900414937
7 0.5020746887966805 0.7503457814661134 0.260027662517289 0.10650069156293228
4 0.24066390041493776 0.5006915629322267 0.024896265560165956 0.1466113416320885
9 0.8513139695712311 0.5096818810511756 0.12033195020746888 0.21991701244813278
6 0.35408022130013833 0.4059474412171508 0.16597510373443985 0.05394190871369297
11 0.6500691562932226 0.4073305670816045 0.1964038727524205 0.04564315352697093
3 0.5242047026279392 0.785615491009682 0.5006915629322269 0.23789764868603058
0 0.5027662517289073 0.8568464730290457 0.21161825726141076 0.10650069156293228
2 0.5110650069156294 0.28354080221300143 0.5103734439834027 0.2019363762102352
