1 0.5325034578146611 0.3769017980636238 0.5532503457814661 0.681881051175657
5 0.33264177040110654 0.30497925311203317 0.12033195020746891 0.056708160442600214
10 0.5712309820193637 0.30013831258644535 0.14107883817427386 0.06362378976486856
8 0.43291839557399725 0.3796680497925311 0.13554633471645922 0.19225449515905943
7 0.4363762102351314 0.5587828492392808 0.18672199170124487 0.07468879668049787
9 0.7648686030428768 0.38727524204702635 0.0829875518672199 0.1798063623789765
6 0.3208852005532503 0.24204702627939143 0.1300138312586446 0.06085753803596127
11 0.5698478561549101 0.2344398340248963 0.20193637621023505 0.059474412171507646
3 0.5006915629322268 0.603042876901798 0.4343015214384509 0.22406639004149384
0 0.43775933609958506 0.6604426002766252 0.1894882434301522 0.12033195020746888
2 0.4564315352697095 0.12240663900414937 0.3734439834024896 0.16735822959889346
