1 0.5 0.46611341632088527 0.48824343015214394 0.5366528354080222
5 0.39004149377593367 0.4273858921161826 0.11894882434301529 0.05532503457814663
10 0.6058091286307054 0.42185338865836797 0.11894882434301515 0.06085753803596127
8 0.4979253112033195 0.48686030428769017 0.09405255878284918 0.17427385892116176
7 0.5006915629322268 0.6383125864453665 0.13831258644536645 0.0760719225449516
4 0.2814661134163209 0.43222683264177036 0.05394190871369297 0.15629322268326412
9 0.7102351313969573 0.4301521438450899 0.062240663900415 0.16320885200553248
6 0.38796680497925307 0.3699861687413555 0.14246196403872755 0.040110650069156366
11 0.6092669432918396 0.3651452282157676 0.13692946058091288 0.04426002766251735
3 0.4993084370677731 0.6604426002766252 0.3153526970954356 0.14522821576763476
0 0.5006915629322268 0.7033195020746887 0.14107883817427377 0.059474412171507535
2 0.47786998616874127 0.2710926694329184 0.3388658367911479 0.13831258644536654
