1 0.58298755186722 0.3720608575380359 0.36652835408022144 0.45366528354080216
5 0.5456431535269709 0.322268326417704 0.08713692946058096 0.04149377593360995
10 0.6832641770401107 0.32849239280774545 0.0829875518672199 0.040110650069156255
8 0.607192254495159 0.3651452282157676 0.0968188105117565 0.13001383125864457
7 0.5947441217150761 0.4785615491009682 0.1798063623789765 0.0857538035961273
4 0.42600276625172895 0.3340248962655602 0.07192254495159055 0.1424619640387275
9 0.7517289073305672 0.33056708160442605 0.03181189488243433 0.08022130013831258
6 0.5408022130013831 0.2863070539419087 0.1161825726141079 0.030428769017980636
11 0.6936376210235131 0.29806362378976486 0.08713692946058103 0.026279391424619655
3 0.591286307053942 0.5131396957123099 0.28630705394190875 0.1659751037344398
0 0.5892116182572613 0.5567081604426004 0.14937759336099582 0.08160442600276617
2 0.6065006915629323 0.21715076071922546 0.27524204702627947 0.12448132780082988
