1 0.5055325034578146 0.4239280774550484 0.5795297372060858 0.715076071922545
5 0.355463347164592 0.41355463347164595 0.1300138312586445 0.060857538035961195
10 0.6065006915629323 0.4024896265560166 0.14246196403872752 0.06362378976486859
8 0.48132780082987553 0.47994467496542187 0.1161825726141079 0.19640387275242055
7 0.4778699861687414 0.6535269709543569 0.18395573997233738 0.06500691562932225
4 0.23582295988934995 0.4218533886583679 0.037344398340248934 0.13554633471645913
9 0.7579529737206085 0.4135546334716459 0.07192254495159062 0.1908713692946058
6 0.34232365145228216 0.3547717842323651 0.15629322268326415 0.04564315352697101
11 0.603042876901798 0.3457814661134163 0.1604426002766251 0.058091286307053985
3 0.495850622406639 0.6804979253112035 0.4163208852005533 0.19363762102351317
0 0.4785615491009682 0.7309820193637622 0.1659751037344398 0.08713692946058103
2 0.4806362378976486 0.1908713692946058 0.43291839557399714 0.24066390041493776
