1 0.5228215767634855 0.3955739972337482 0.41217150760719223 0.603042876901798
5 0.42047026279391425 0.38796680497925307 0.11894882434301522 0.06224066390041493
10 0.6313969571230982 0.3699861687413555 0.1230982019363762 0.05670816044260029
8 0.5352697095435685 0.4294605809128631 0.11341632088520058 0.18118948824343023
7 0.5311203319502075 0.5940525587828492 0.1825726141078838 0.07607192254495153
6 0.4218533886583679 0.32849239280774545 0.1410788381742739 0.037344398340248934
11 0.6383125864453665 0.3132780082987552 0.15076071922544954 0.04011065006915622
3 0.529045643153527 0.607192254495159 0.3748271092669433 0.17980636237897635
0 0.5352697095435685 0.6611341632088519 0.14107883817427386 0.07192254495159055
2 0.5373443983402489 0.19502074688796683 0.3305670816044259 0.19363762102351317
