1 0.504149377593361 0.4315352697095436 0.5020746887966806 0.5477178423236515
5 0.4045643153526971 0.38312586445366525 0.12033195020746888 0.04979253112033191
10 0.6051175656984785 0.3817427385892116 0.10650069156293213 0.05255878284923923
8 0.508298755186722 0.4391424619640388 0.11756569847856149 0.16735822959889354
7 0.5076071922544952 0.5850622406639004 0.1825726141078838 0.06915629322268323
4 0.2883817427385892 0.42323651452282157 0.07053941908713693 0.1521438450899032
9 0.7219917012448133 0.4190871369294606 0.06639004149377598 0.16044260027662516
6 0.39834024896265563 0.3340248962655602 0.14384508990318118 0.04011065006915633
11 0.6085753803596127 0.3291839557399723 0.15491009681881046 0.05809128630705395
3 0.5062240663900414 0.6154910096818811 0.38174273858921154 0.1825726141078838
0 0.508298755186722 0.6597510373443982 0.17289073305670818 0.08575380359612715
2 0.4930843706777317 0.23167358229598892 0.3914246196403872 0.14799446749654221
