1 0.5013831258644537 0.4847856154910097 0.5518672199170125 0.7593360995850622
5 0.3658367911479945 0.4232365145228216 0.14522821576763484 0.07192254495159055
10 0.6452282157676348 0.42254495159059474 0.14799446749654221 0.07330567081604421
8 0.5034578146611342 0.5062240663900416 0.13831258644536645 0.22406639004149376
7 0.5076071922544951 0.7019363762102351 0.1964038727524205 0.08160442600276639
6 0.34785615491009686 0.3506224066390042 0.19502074688796686 0.06500691562932236
11 0.6507607192254495 0.3478561549100968 0.18672199170124487 0.062240663900414966
3 0.5 0.7434301521438451 0.5020746887966806 0.22821576763485474
0 0.49930843706777317 0.8022130013831259 0.17704011065006925 0.11341632088520043
2 0.4854771784232365 0.21784232365145229 0.4204702627939142 0.2033195020746888
