1 0.5062240663900416 0.43706777316735823 0.5532503457814661 0.5643153526970954
5 0.39695712309820197 0.39834024896265563 0.10788381742738594 0.055325034578146554
10 0.6120331950207468 0.4004149377593361 0.09820193637621016 0.04840940525587825
8 0.5006915629322269 0.4557399723374827 0.10235131396957123 0.17842323651452283
7 0.5020746887966805 0.6065006915629322 0.13554633471645913 0.05947441217150761
4 0.2621023513139696 0.41493775933609955 0.062240663900414966 0.16597510373443988
9 0.7358229598893499 0.4211618257261411 0.08575380359612737 0.17289073305670818
6 0.40525587828492393 0.3367911479944675 0.1300138312586445 0.051175656984785614
11 0.6092669432918395 0.3360995850622407 0.12309820193637605 0.04702627939142463
3 0.4965421853388658 0.6334716459197787 0.3845089903181189 0.17427385892116184
0 0.5006915629322268 0.6770401106500691 0.1300138312586445 0.08160442600276632
2 0.4896265560165975 0.23236514522821575 0.301521438450899 0.15767634854771784
