1 0.49930843706777317 0.4688796680497925 0.7551867219917012 0.937759336099585
5 0.351313969571231 0.37413554633471646 0.18810511756569856 0.10373443983402489
10 0.6846473029045643 0.3727524204702628 0.18810511756569853 0.09820193637621025
8 0.512448132780083 0.4896265560165975 0.15076071922544954 0.2959889349930843
7 0.5096818810511756 0.7531120331950207 0.24757952973720598 0.11756569847856156
4 0.1479944674965422 0.44744121715076074 0.04702627939142461 0.17289073305670818
9 0.8540802213001384 0.4453665283540802 0.04287690179806361 0.18533886583679113
6 0.3278008298755186 0.2835408022130014 0.2268326417704011 0.07468879668049791
11 0.7074688796680497 0.2780082987551867 0.2171507607192254 0.0829875518672199
3 0.5027662517289072 0.7863070539419087 0.6431535269709542 0.30567081604426
0 0.5069156293222683 0.87551867219917 0.22544951590594742 0.12724757952973717
2 0.5034578146611342 0.12932226832641772 0.6417704011065006 0.2226832641770401
