1 0.504149377593361 0.5096818810511757 0.6237897648686029 0.7925311203319503
5 0.3838174273858921 0.4197786998616874 0.13416320885200558 0.06500691562932225
10 0.6307053941908713 0.4239280774550484 0.1438450899031811 0.06224066390041493
8 0.5048409405255878 0.5020746887966806 0.1438450899031811 0.22683264177040108
7 0.5069156293222683 0.7130013831258646 0.23928077455048402 0.06777316735822964
4 0.2226832641770401 0.5276625172890733 0.06085753803596124 0.1867219917012448
9 0.7835408022130014 0.5276625172890733 0.059474412171507535 0.1894882434301521
6 0.3658367911479945 0.3623789764868603 0.18118948824343015 0.05255878284923931
11 0.6390041493775933 0.3651452282157676 0.18257261410788372 0.04426002766251735
3 0.5048409405255879 0.7683264177040111 0.5034578146611343 0.2780082987551868
0 0.5048409405255879 0.8298755186721992 0.23236514522821572 0.15767634854771784
2 0.48478561549100974 0.2295988934993084 0.4578146611341633 0.22406639004149376
