1 0.5006915629322269 0.4764868603042878 0.47026279391424625 0.5159059474412172
5 0.4107883817427386 0.4308437067773167 0.11341632088520051 0.05670816044260029
10 0.5968188105117566 0.43222683264177036 0.10926694329183953 0.04564315352697101
8 0.504149377593361 0.48201936376210236 0.10926694329183953 0.16182572614107882
7 0.5 0.632088520055325 0.18118948824343023 0.060857538035961195
4 0.2918395573997234 0.487551867219917 0.04979253112033191 0.15629322268326418
9 0.7067773167358229 0.4757952973720609 0.05255878284923923 0.16320885200553248
6 0.40318118948824344 0.38035961272475793 0.15076071922544954 0.03872752420470263
11 0.5982019363762102 0.3727524204702628 0.14246196403872738 0.04287690179806369
3 0.4937759336099585 0.6466113416320886 0.359612724757953 0.16735822959889346
0 0.4993084370677732 0.6970954356846473 0.16597510373443988 0.0691562932226833
2 0.491701244813278 0.28630705394190875 0.31950207468879666 0.13554633471645922
