1 0.5096818810511757 0.46611341632088515 0.5325034578146612 0.7330567081604425
5 0.37828492392807744 0.40940525587828497 0.16182572614107882 0.07192254495159062
10 0.6549100968188105 0.40110650069156295 0.17012448132780095 0.0691562932226833
8 0.5179806362378977 0.4854771784232365 0.16182572614107882 0.21300138312586447
7 0.5214384508990318 0.6846473029045643 0.23236514522821572 0.07192254495159062
6 0.36099585062240663 0.3582295988934993 0.19917012448132776 0.03872752420470263
11 0.6632088520055325 0.3409405255878285 0.16182572614107882 0.04564315352697097
3 0.5179806362378977 0.7088520055325034 0.47717842323651455 0.24757952973720607
0 0.5228215767634855 0.7745504840940527 0.21576763485477174 0.12171507607192254
2 0.5117565698478562 0.21161825726141076 0.48132780082987553 0.21576763485477174
