1 0.5020746887966805 0.49446749654218536 0.5145228215767635 0.4965421853388659
5 0.42254495159059474 0.44467496542185336 0.10650069156293213 0.03457814661134165
10 0.603042876901798 0.4453665283540802 0.10235131396957114 0.03319502074688799
8 0.5089903181189489 0.49861687413554634 0.09681881051175659 0.1396957123098202
7 0.5145228215767635 0.632088520055325 0.1327800829875519 0.055325034578146554
4 0.2814661134163209 0.4827109266943292 0.07330567081604425 0.14384508990318123
9 0.7206085753803596 0.4785615491009682 0.07192254495159062 0.15491009681881052
6 0.4017980636237898 0.40110650069156295 0.13139695712309815 0.03872752420470263
11 0.6141078838174274 0.4004149377593361 0.12724757952973717 0.04287690179806361
3 0.504149377593361 0.6590594744121715 0.36376210235131395 0.1645919778699863
0 0.5131396957123099 0.7019363762102351 0.1327800829875519 0.08437067773167371
2 0.4896265560165975 0.31258644536652835 0.33748271092669424 0.13001383125864455
