1 0.5027662517289073 0.5345781466113416 0.6127247579529737 0.7593360995850622
5 0.38105117565698476 0.46818810511756564 0.15352697095435686 0.07330567081604421
10 0.623789764868603 0.4751037344398341 0.14661134163208842 0.08160442600276632
8 0.4972337482710927 0.5442600276625172 0.13416320885200547 0.23098201936376206
7 0.49930843706777317 0.7461964038727524 0.20470262793914246 0.10650069156293228
4 0.22890733056708165 0.5650069156293223 0.059474412171507646 0.16735822959889346
9 0.7717842323651454 0.5663900414937758 0.07192254495159048 0.1894882434301521
6 0.3658367911479945 0.4004149377593361 0.17289073305670818 0.04564315352697093
11 0.6376210235131397 0.39834024896265563 0.18810511756569845 0.05255878284923923
3 0.5 0.7869986168741354 0.47994467496542187 0.24896265560165987
0 0.49861687413554634 0.8506224066390041 0.20608575380359612 0.12448132780082986
2 0.4806362378976486 0.27247579529737204 0.4993084370677731 0.21300138312586447
