1 0.4923928077455048 0.4578146611341632 0.5117565698478562 0.6639004149377594
5 0.3838174273858921 0.4142461964038728 0.12033195020746888 0.06224066390041493
10 0.6023513139695712 0.40802213001383125 0.12033195020746881 0.07192254495159055
8 0.4896265560165975 0.47717842323651455 0.10788381742738587 0.1936376210235131
7 0.4951590594744122 0.6562932226832642 0.17427385892116193 0.09266943291839545
4 0.2579529737206086 0.46127247579529734 0.04840940525587829 0.16735822959889346
9 0.7199170124481327 0.4426002766251729 0.062240663900415 0.16597510373443988
6 0.36791147994467494 0.3450899031811895 0.15214384508990314 0.051175656984785683
11 0.6058091286307054 0.338865836791148 0.1466113416320885 0.049792531120331954
3 0.4896265560165975 0.681881051175657 0.4094052558782849 0.21023513139695724
0 0.4923928077455048 0.7461964038727524 0.16874135546334712 0.095435684647303
2 0.4674965421853389 0.2226832641770401 0.3540802213001383 0.1825726141078838
