1 0.5539419087136931 0.3201936376210235 0.38035961272475766 0.39695712309820197
5 0.4861687413554634 0.2869986168741355 0.08713692946058096 0.03181189488243429
10 0.6182572614107884 0.28838174273858924 0.0746887966804978 0.04287690179806361
8 0.5477178423236515 0.3312586445366529 0.0719225449515907 0.1092669432918396
7 0.5504840940525588 0.4363762102351314 0.1327800829875519 0.03734439834024897
4 0.4024896265560166 0.31742738589211617 0.05809128630705395 0.1147994467496542
9 0.7136929460580913 0.3250345781466114 0.0553250345781467 0.11618257261410793
6 0.4778699861687414 0.2572614107883818 0.10096818810511764 0.019363762102351315
11 0.6203319502074689 0.25449515905947445 0.11756569847856156 0.022130013831258673
3 0.5539419087136929 0.4522821576763485 0.2641770401106501 0.1244813278008298
0 0.5518672199170125 0.48478561549100974 0.12724757952973725 0.062240663900415
2 0.5463347164591977 0.18603042876901799 0.3070539419087136 0.10650069156293222
