1 0.5159059474412172 0.3540802213001383 0.42323651452282157 0.4398340248962655
5 0.43291839557399725 0.3160442600276625 0.08852005532503454 0.04840940525587825
10 0.5933609958506224 0.31466113416320884 0.08852005532503447 0.05394190871369297
8 0.5145228215767635 0.3699861687413555 0.07468879668049794 0.13692946058091288
7 0.5159059474412172 0.48962655601659755 0.11894882434301515 0.0553250345781467
4 0.33748271092669435 0.3437067773167358 0.06362378976486863 0.1230982019363762
9 0.6950207468879668 0.31673582295988933 0.062240663900415 0.10235131396957126
6 0.42876901798063627 0.2683264177040111 0.09681881051175659 0.04149377593360999
11 0.5926694329183956 0.26141078838174275 0.09543568464730293 0.04149377593360995
3 0.5124481327800829 0.5076071922544951 0.27247579529737204 0.1300138312586445
0 0.5145228215767635 0.5449515905947442 0.12171507607192247 0.055325034578146484
2 0.5076071922544951 0.18948824343015214 0.25726141078838166 0.10788381742738588
