1 0.5138312586445366 0.3457814661134163 0.43845089903181184 0.45089903181189483
5 0.4336099585062241 0.29737206085753803 0.09266943291839552 0.041493775933609915
10 0.5933609958506224 0.2897648686030429 0.09405255878284927 0.03734439834024897
8 0.5152143845089903 0.3319502074688797 0.08990318118948828 0.1383125864453665
7 0.520746887966805 0.4550484094052558 0.14799446749654216 0.05255878284923931
4 0.3278008298755186 0.37413554633471646 0.06362378976486859 0.15629322268326418
9 0.6991701244813276 0.36376210235131395 0.06777316735822964 0.1466113416320885
6 0.42047026279391425 0.2455048409405256 0.09958506224066382 0.03734439834024897
11 0.5933609958506224 0.2372060857538036 0.10511756569847855 0.03457814661134161
3 0.5096818810511756 0.5013831258644537 0.30567081604425994 0.13416320885200547
0 0.5193637621023514 0.5235131396957123 0.14799446749654216 0.0899031811894882
2 0.5013831258644537 0.17427385892116184 0.2586445366528353 0.1078838174273859
