1 0.49446749654218536 0.466804979253112 0.6376210235131397 0.7786998616874135
5 0.35892116182572614 0.4197786998616874 0.16182572614107882 0.08160442600276624
10 0.6500691562932226 0.4266943291839557 0.1521438450899032 0.07053941908713689
8 0.49861687413554634 0.5034578146611342 0.15629322268326412 0.251728907330567
7 0.5006915629322268 0.7123098201936375 0.20470262793914246 0.09405255878284934
4 0.20746887966804978 0.5076071922544952 0.058091286307053916 0.14661134163208855
9 0.7883817427385893 0.5159059474412172 0.04702627939142459 0.13554633471645922
6 0.36168741355463346 0.33955739972337484 0.18672199170124482 0.06777316735822961
11 0.6535269709543569 0.33955739972337484 0.1645919778699863 0.07053941908713696
3 0.5 0.7427385892116182 0.5186721991701245 0.2295988934993084
0 0.49446749654218536 0.8056708160442599 0.15905947441217144 0.0899031811894882
2 0.47717842323651455 0.19363762102351317 0.5172890733056709 0.21853388658367912
