1 0.4764868603042876 0.4460580912863071 0.4273858921161825 0.46611341632088527
5 0.37482710926694324 0.3976486860304288 0.08298755186721998 0.03457814661134165
10 0.5380359612724758 0.3907330567081604 0.09681881051175666 0.03181189488243426
8 0.45089903181189483 0.4412171507607192 0.08022130013831258 0.13831258644536645
7 0.45020746887966806 0.570539419087137 0.11756569847856149 0.05947441217150761
4 0.2856154910096819 0.4744121715076072 0.04287690179806361 0.09405255878284934
9 0.6535269709543569 0.44260027662517293 0.06777316735822957 0.14937759336099588
6 0.3699861687413554 0.3520055325034578 0.11203319502074688 0.040110650069156366
11 0.5401106500691563 0.3485477178423237 0.12033195020746888 0.041493775933610026
3 0.46334716459197783 0.5961272475795297 0.318118948824343 0.15767634854771778
0 0.44674965421853385 0.636237897648686 0.12171507607192247 0.07745504840940526
2 0.4488243430152144 0.2697095435684647 0.30567081604426 0.11065006915629322
