1 0.5103734439834026 0.4674965421853389 0.5006915629322267 0.6002766251728908
5 0.41493775933609955 0.4273858921161826 0.11618257261410783 0.05255878284923931
10 0.6313969571230982 0.4280774550484094 0.11756569847856156 0.04840940525587833
8 0.5214384508990318 0.48201936376210236 0.10235131396957123 0.16459197786998614
7 0.5221300138312587 0.6438450899031812 0.1590594744121715 0.08160442600276624
4 0.2939142461964039 0.5055325034578146 0.0622406639004149 0.15352697095435694
9 0.7295988934993085 0.5069156293222684 0.05670816044260036 0.15076071922544954
6 0.40525587828492393 0.3665283540802213 0.14384508990318123 0.04979253112033199
11 0.6390041493775933 0.3699861687413555 0.13554633471645927 0.05394190871369297
3 0.5117565698478561 0.6763485477178424 0.3734439834024896 0.17980636237897657
0 0.5214384508990318 0.7268326417704012 0.15491009681881052 0.0760719225449516
2 0.520746887966805 0.25864453665283543 0.33056708160442594 0.16044260027662516
