1 0.49446749654218536 0.4419087136929461 0.40525587828492393 0.496542185338866
5 0.4059474412171508 0.39142461964038733 0.09820193637621025 0.030428769017980598
10 0.5774550484094053 0.39695712309820197 0.09820193637621016 0.04426002766251727
8 0.4903181189488244 0.433609958506224 0.10926694329183953 0.1396957123098202
7 0.48893499308437066 0.5677731673582297 0.17012448132780078 0.05947441217150761
4 0.3084370677731673 0.46611341632088527 0.04426002766251727 0.12724757952973725
9 0.6763485477178424 0.47095435684647297 0.04149377593360995 0.1258644536652836
6 0.3934993084370678 0.35408022130013833 0.11479944674965424 0.03319502074688799
11 0.5816044260027663 0.3561549100968188 0.12586445366528345 0.04011065006915629
3 0.48824343015214383 0.6092669432918396 0.33748271092669424 0.15905947441217144
0 0.49100968188105115 0.640387275242047 0.15214384508990314 0.0968188105117565
2 0.4806362378976487 0.2697095435684647 0.31950207468879666 0.12448132780082982
