1 0.495850622406639 0.4647302904564316 0.5269709543568465 0.6030428769017981
5 0.39419087136929465 0.4121715076071923 0.12171507607192261 0.04149377593360995
10 0.627939142461964 0.41078838174273863 0.11894882434301522 0.04149377593360995
8 0.5076071922544952 0.47095435684647297 0.11341632088520051 0.2033195020746887
7 0.5062240663900416 0.6493775933609959 0.1687413554633472 0.08713692946058088
4 0.26556016597510373 0.40594744121715076 0.06639004149377595 0.18118948824343017
9 0.7309820193637622 0.39626556016597514 0.04564315352697093 0.17565698478561548
6 0.3914246196403872 0.33955739972337484 0.1576763485477178 0.04011065006915633
11 0.6230982019363762 0.34163208852005533 0.1369294605809128 0.049792531120331954
3 0.5069156293222683 0.673582295988935 0.3692946058091286 0.19087136929460585
0 0.5069156293222683 0.7254495159059475 0.15629322268326426 0.08160442600276639
2 0.4910096818810512 0.2413554633471646 0.42600276625172895 0.14522821576763484
