1 0.495850622406639 0.34439834024896265 0.4384508990318119 0.5006915629322268
5 0.41147994467496546 0.31673582295988933 0.10650069156293221 0.04702627939142459
10 0.5871369294605809 0.3112033195020747 0.11203319502074685 0.0442600276625172
8 0.5013831258644537 0.36099585062240663 0.08713692946058088 0.14384508990318118
7 0.5027662517289073 0.4868603042876902 0.14246196403872743 0.0691562932226833
4 0.31258644536652835 0.37621023513139695 0.06915629322268323 0.12724757952973723
9 0.6804979253112033 0.38105117565698476 0.06085753803596134 0.14246196403872755
6 0.40802213001383125 0.2607192254495159 0.14661134163208855 0.04011065006915629
11 0.5905947441217151 0.2641770401106501 0.13554633471645908 0.035961272475795274
3 0.4972337482710927 0.5103734439834026 0.3222683264177039 0.16597510373443988
0 0.5 0.5518672199170125 0.12863070539419083 0.07468879668049802
2 0.4972337482710926 0.1659751037344398 0.3250345781466113 0.15767634854771784
