1 0.4965421853388658 0.4405255878284923 0.4481327800829875 0.4993084370677731
5 0.4204702627939142 0.38520055325034575 0.11065006915629319 0.03734439834024897
10 0.5968188105117566 0.3817427385892116 0.10096818810511757 0.03596127247579531
8 0.5103734439834026 0.4439834024896266 0.09405255878284927 0.14384508990318123
7 0.512448132780083 0.5809128630705395 0.13969571230982025 0.06362378976486859
4 0.30982019363762103 0.41839557399723376 0.06362378976486859 0.11756569847856156
9 0.6887966804979253 0.41009681881051174 0.06085753803596134 0.12863070539419083
6 0.40387275242047027 0.34647302904564314 0.13554633471645913 0.04287690179806369
11 0.603042876901798 0.33955739972337484 0.13001383125864444 0.04564315352697097
3 0.5020746887966804 0.6002766251728907 0.30705394190871366 0.17150760719225452
0 0.5103734439834026 0.6479944674965422 0.13001383125864444 0.07607192254495153
2 0.49308437067773153 0.25103734439834025 0.3526970954356845 0.1258644536652835
