1 0.4972337482710927 0.5594744121715077 0.5795297372060858 0.7012448132780084
5 0.400414937759336 0.4522821576763485 0.13416320885200556 0.0442600276625172
10 0.6217150760719226 0.46611341632088527 0.1258644536652835 0.05532503457814663
8 0.5089903181189489 0.5159059474412172 0.12724757952973711 0.18810511756569853
7 0.5027662517289073 0.6984785615491009 0.16735822959889354 0.0885200553250347
4 0.24550484094052558 0.5401106500691563 0.07330567081604425 0.19502074688796675
9 0.7600276625172891 0.5394190871369294 0.05117565698478557 0.18257261410788372
6 0.3893499308437067 0.392807745504841 0.1618257261410788 0.05255878284923931
11 0.632088520055325 0.39211618257261405 0.1659751037344398 0.04287690179806354
3 0.5069156293222683 0.769017980636238 0.4384508990318119 0.2517289073305672
0 0.5069156293222683 0.8215767634854773 0.18118948824343015 0.15491009681881052
2 0.4972337482710927 0.2939142461964039 0.3914246196403872 0.15905947441217155
