1 0.5235131396957123 0.4045643153526971 0.4965421853388659 0.6348547717842323
5 0.4073305670816044 0.3803596127247579 0.13139695712309815 0.06362378976486859
10 0.6189488243430152 0.38174273858921154 0.1258644536652835 0.06362378976486859
8 0.5110650069156293 0.4426002766251729 0.10096818810511757 0.17704011065006917
7 0.5096818810511757 0.5975103734439834 0.15629322268326418 0.07468879668049787
4 0.3008298755186722 0.3838174273858921 0.04840940525587825 0.17565698478561542
9 0.7420470262793916 0.37621023513139695 0.05947441217150768 0.17150760719225444
6 0.40594744121715076 0.3208852005532503 0.14246196403872757 0.04979253112033191
11 0.6258644536652835 0.318118948824343 0.13139695712309815 0.04702627939142459
3 0.5138312586445366 0.6293222683264177 0.36099585062240663 0.1825726141078838
0 0.5089903181189489 0.677731673582296 0.16597510373443988 0.0857538035961273
2 0.5131396957123098 0.19571230982019366 0.3042876901798063 0.20055325034578148
